goertzel_f0,goertzel_f1,matched_corr_f0,matched_corr_f1,iq_mag_f0,iq_mag_f1,final_bit,confidence
0.0210141,0.0109024,0.00117859,0.00419123,0.00316754,0.00419281,1,0.67
0.00867393,0.00253386,0.018919,0.0105848,0.0194012,0.0116978,0,1
0.0194073,0.0108369,0.012249,0.00372439,0.0124614,0.00395468,0,1
0.00995086,0.00513833,-0.0200302,-0.0160982,0.0200303,0.0163186,1,0.67
0.0329766,0.0190511,-0.00071691,-0.00316134,0.00530575,0.00516211,0,1
0.0163103,0.010938,0.0205449,0.0099081,0.0208558,0.0106953,0,1
0.0131795,0.00517602,0.0237387,0.00893896,0.0242933,0.0109742,0,1
0.0405488,0.021456,0.0105612,0.00836941,0.0106244,0.00910164,0,1
0.0194827,0.0104956,-0.0273843,-0.0119875,0.0273904,0.0125221,1,0.67
0.0102881,0.00990582,-0.0172951,-0.00750466,0.0187072,0.00813696,1,0.67
0.0158555,0.00752069,0.0237806,0.00884748,0.0243809,0.00928158,0,1
0.0151065,0.00977826,0.0194594,0.00657499,0.0194873,0.00676135,0,1
0.0200144,0.0117536,-0.0207871,-0.00959997,0.0211366,0.0097485,1,0.67
0.00822814,0.00513649,-0.0118346,-0.00540873,0.0118671,0.00565137,1,0.67
0.0400937,0.0181432,-0.0166818,-0.0126302,0.0178181,0.014499,1,0.67
0.0273029,0.0110129,0.0376332,0.017048,0.03784,0.0171048,0,1
0.00920545,0.00692596,0.0165959,0.00529205,0.0217598,0.00559481,0,1
0.0182506,0.0101668,-0.00114878,-0.00140373,0.00141408,0.00158368,0,0.67
0.0114601,0.00368839,-0.0217049,-0.0168222,0.021714,0.0185751,1,0.67
0.031398,0.019778,0.0144766,0.00123248,0.0151197,0.0014303,0,1
0.0269021,0.014795,0.000976614,0.00516004,0.00956289,0.00589544,1,0.67
0.00425666,0.00226579,0.0273159,0.0128195,0.0273895,0.014672,0,1
0.00992299,0.011185,-0.0198076,-0.00839977,0.0215896,0.00931048,1,0.67
0.0175312,0.00812387,-0.0111905,-0.00185758,0.0118366,0.00452144,1,0.67
0.0320041,0.0146003,-0.0114016,0.000172598,0.0123688,0.00316346,1,0.67
0.00367582,0.0040034,0.0355945,0.0158171,0.035757,0.0174384,0,0.67
0.0352271,0.0158943,-0.0156906,-0.00741312,0.0159848,0.00749555,1,0.67
0.0223268,0.0149197,0.00930161,0.00546422,0.00960757,0.00553765,0,1
0.0148318,0.0124008,-0.0257828,-0.0136463,0.0261522,0.0150818,1,0.67
0.00401829,0.00263984,0.00852064,0.00712217,0.0137985,0.00712868,0,1
0.0266873,0.0145899,0.023384,0.00843739,0.0237101,0.00858519,0,1
0.0413346,0.0262622,0.00677638,0.00389602,0.0103365,0.00565617,0,1
0.0193534,0.0103554,-0.0320099,-0.0160487,0.0321595,0.0161779,1,0.67
0.0104766,0.00406527,-0.00924305,0.00202805,0.0202801,0.00669798,1,0.67
0.00652626,0.00718302,0.00731254,0.00346519,0.00732722,0.00569925,0,0.67
0.0262901,0.00648647,0.0284263,0.0135412,0.0325458,0.0149088,0,1
0.0320381,0.0172831,0.0132365,-0.00235458,0.0211311,0.00687135,0,1
0.0221356,0.0137772,-0.0189192,-0.00997817,0.0193586,0.0115815,1,0.67
0.00332302,0.00595773,-0.00396154,-0.00172166,0.00598983,0.00303369,1,0.67
0.00656143,0.0051236,0.0226224,0.00398439,0.0226584,0.00403125,0,1
0.0283843,0.0179709,0.0205764,0.00585148,0.0213922,0.0063921,0,1
0.0333794,0.0188778,-0.0031876,-0.00223178,0.00742666,0.00225195,1,0.67
0.0127024,0.00479373,-0.0263237,-0.0130019,0.0263646,0.0130189,1,0.67
0.0200208,0.013675,-0.011622,-0.00301948,0.0176581,0.00359327,1,0.67
0.00961056,0.0068201,0.0312568,0.00712867,0.0323186,0.00870722,0,1
0.0215821,0.00724153,0.018505,0.00590206,0.0185477,0.00621139,0,1
0.0260752,0.0158624,0.00767648,-0.00110159,0.0165588,0.00343158,0,1
0.0177632,0.00779344,-0.0143585,-0.00742788,0.0217949,0.00799769,1,0.67
0.0159805,0.00610038,0.0100069,0.00368711,0.0148987,0.00496573,0,1
0.00576168,0.00669778,0.00916716,0.00567434,0.0118712,0.00568028,0,0.67
0.0346193,0.0134905,0.0141771,0.0160521,0.0203959,0.0176512,1,0.67
0.0386168,0.0164107,-0.031888,-0.0148674,0.0326582,0.0151141,1,0.67
0.0124832,0.00811332,-0.033197,-0.00963896,0.0332031,0.0102932,1,0.67
0.040118,0.0183085,-0.0108631,-0.00434594,0.010897,0.00768957,1,0.67
0.0192993,0.00704612,0.0229275,0.0129019,0.0255107,0.0132239,0,1
0.0102536,0.00604713,0.0051892,0.00276827,0.00523277,0.00280698,0,1
0.0173391,0.00793044,-0.00478557,-0.000508475,0.00856653,0.00161787,1,0.67
0.00876506,0.00627203,-0.0298388,-0.0151737,0.031968,0.0157927,1,0.67
0.039178,0.0225879,0.0044894,0.00219437,0.00552263,0.00229825,0,1
0.0137949,0.0129996,0.00912694,0.00602241,0.00913579,0.00782915,0,1
0.0149426,0.00535843,0.0183413,0.0114939,0.0187365,0.0138238,0,1
0.00487164,0.00198215,-0.0264051,-0.0124975,0.026702,0.0125511,1,0.67
0.0297783,0.0184454,-0.0176265,-0.00796576,0.0176544,0.00837143,1,0.67
0.03732,0.020243,0.00616977,0.00473661,0.00639224,0.0047367,0,1
0.0223974,0.00995768,0.0221351,0.0123971,0.0253532,0.0130922,0,1
0.00349802,0.00342478,-0.00689064,-0.00276528,0.00758095,0.00306702,1,0.67
0.00243711,0.00272858,0.00458372,0.00226447,0.00876713,0.0022747,0,0.67
0.024195,0.0109224,-0.0383834,-0.0144726,0.0388144,0.0165886,1,0.67
0.0332716,0.0181063,0.0270738,0.0133469,0.0294516,0.0147931,0,1
0.00688542,0.00483073,0.0142731,0.00975711,0.015662,0.0109796,0,1
0.0304469,0.0160803,0.00123595,0.00432765,0.00982686,0.00497013,1,0.67
0.0154411,0.00991859,-0.0383213,-0.0125891,0.0389623,0.0127052,1,0.67
0.0155462,0.00672364,-0.0104504,-0.0018545,0.0104703,0.00277145,1,0.67
0.0100823,0.00446959,-0.00314087,0.000463885,0.00354363,0.000866958,1,0.67
0.0240248,0.0125342,0.0332796,0.0121251,0.0340536,0.013488,0,1
0.254876,0.0539834,-0.462466,-0.0539772,0.667007,0.116586,1,0.67
0.278484,0.0456585,0.543119,0.0489714,1.66248,0.151069,0,1
0.201631,0.060911,0.281891,-0.0404858,0.29325,0.048393,0,1
0.425628,0.142364,0.825798,0.308397,1.02391,0.312717,0,1
0.215814,0.253525,-0.45056,-0.0820855,0.559132,0.26406,1,0.67
0.263051,0.364785,-0.221445,-0.0183423,0.232583,0.279863,1,1
0.103403,0.177059,-0.291728,0.118316,0.495242,0.140515,1,0.67
0.0366779,0.175343,-0.0670415,0.061917,0.135772,0.206627,1,1
0.250901,0.376523,0.0831428,0.0335066,0.0979958,0.274327,0,0.67
0.738679,0.466797,0.25062,-0.0031069,1.32998,0.254718,0,1
0.307807,0.0949314,1.06058,0.425517,2.69326,0.438126,0,1
1.32796,0.242638,-1.25535,0.0281481,1.67484,0.0769877,1,0.67
0.89794,0.138587,-2.72873,-0.173678,2.72964,0.188811,1,0.67
1.08198,0.285279,-1.68271,0.0686547,2.1441,0.0974138,1,0.67
0.841621,0.167499,-1.56065,0.0218257,1.91939,0.075641,1,0.67
0.389919,0.0657053,-0.0190503,0.182671,0.215058,0.202396,1,0.67
0.541853,0.0823428,-0.508382,0.0180259,0.600096,0.0730316,1,0.67
0.404322,0.0230155,-1.06101,-0.0086631,1.06103,0.0527339,1,0.67
0.655357,0.390382,-0.788652,-0.306408,1.54271,0.381709,1,0.67
0.682646,0.465975,0.48025,0.352798,1.01175,0.592912,0,1
0.497542,0.612918,0.328907,0.59769,0.507167,0.951177,1,1
1.1221,0.671137,-0.496441,0.657946,1.28268,0.969155,1,0.67
0.992024,0.466809,-0.886002,0.477041,1.23707,0.749972,1,0.67
0.981794,0.615867,-1.62969,0.260385,1.67263,0.727166,1,0.67
0.807504,0.597586,-1.06632,0.247454,1.07392,0.816814,1,0.67
0.96889,0.554272,-0.893892,0.301616,0.97117,0.873617,1,0.67
1.34068,0.295459,-1.67647,0.364213,2.05016,0.573826,1,0.67
1.2277,0.241001,-2.17894,-0.197554,2.1831,0.410369,1,0.67
0.509925,0.413227,-1.50121,-0.595986,1.62827,0.666903,1,0.67
0.637086,0.371906,-0.429581,-0.660115,1.25093,0.743016,0,1
0.527829,0.356201,-0.0573749,-0.333644,0.943692,0.46108,0,1
0.178015,0.18541,0.191552,-0.254816,0.240933,0.290119,0,0.67
0.124837,0.115179,-0.517007,-0.188414,0.518198,0.193056,1,0.67
0.40264,0.135267,-0.669563,-0.22535,0.892751,0.229484,1,0.67
0.754899,0.469587,0.677301,-0.0558957,1.73471,0.541098,0,1
0.685117,0.510043,1.22046,0.44385,1.30571,0.616323,0,1
0.257065,0.648801,0.595087,0.960945,0.698077,1.09195,1,1
0.651596,0.749672,-0.593877,1.06482,0.720279,1.14418,1,1
0.599718,0.677582,-0.772965,0.83271,0.783204,0.977625,1,1
0.595913,0.864331,-0.703302,0.893507,1.10255,1.09026,1,0.67
0.523589,0.873686,-0.255832,0.928862,0.620041,1.08798,1,1
0.50677,0.707268,-0.312186,0.913457,0.393581,1.04123,1,1
0.858594,0.410581,-1.58398,0.583141,1.58423,0.583395,1,0.67
0.967643,0.351834,-1.44187,0.215549,1.74894,0.276831,1,0.67
0.732562,0.477569,-0.707762,-0.304268,1.58325,0.398586,1,0.67
0.741837,0.369297,0.492196,-0.372686,1.17639,0.523751,0,1
0.728279,0.286003,0.578753,-0.323349,0.941206,0.340664,0,1
0.368048,0.194062,0.318391,-0.375671,0.326814,0.382222,0,0.67
0.327853,0.182936,-0.320058,-0.403331,0.52766,0.403335,0,1
0.679917,0.183827,0.166321,-0.399643,0.964188,0.403091,0,1
0.745654,0.206606,1.84781,0.157771,2.05883,0.463419,0,1
0.543093,0.244319,1.14007,0.413829,1.19274,0.414798,0,1
0.177829,0.341725,0.314961,0.846194,0.639935,0.866294,1,1
0.373789,0.43383,-0.624182,0.961163,0.624237,1.01889,1,1
0.473208,0.37759,-0.614548,0.87704,0.783238,0.889084,1,0.67
0.69077,0.497053,0.22694,1.01803,1.20922,1.02685,1,0.67
0.510478,0.496844,0.471108,1.02025,0.705217,1.02912,1,0.67
0.363421,0.406333,-0.0940068,1.01451,0.155492,1.03381,1,1
0.963247,0.293761,-1.8534,0.262234,2.00424,0.534333,1,0.67
1.33684,0.436598,-0.392878,0.363661,1.92324,0.365333,1,0.67
0.890051,0.561831,0.508842,0.0159488,1.60897,0.368281,0,1
0.59237,0.453151,1.18091,-0.0152337,1.28292,0.536657,0,1
0.447386,0.301341,0.894735,-0.124708,0.898241,0.320076,0,1
0.14772,0.19612,0.00767491,-0.209294,0.2165,0.344989,0,0.67
0.198,0.225783,-0.0363924,-0.214757,0.47514,0.309943,0,0.67
0.568283,0.254708,0.770823,-0.161462,1.00691,0.31358,0,1
0.735156,0.229181,2.23207,0.636185,2.2842,0.704773,0,1
1.03209,0.485661,0.757151,0.411275,1.56571,0.506688,0,1
0.320481,0.641701,-0.138108,0.557632,0.899685,0.933621,1,1
0.274432,0.621767,-0.459027,0.54604,0.52369,1.08062,1,1
0.479125,0.494349,-0.0821915,0.622501,0.51561,0.971935,1,1
0.602741,0.507518,1.05253,0.711077,1.23898,1.0456,0,1
0.410653,0.551465,0.78785,0.627458,0.789954,0.969184,0,0.67
0.253237,0.530583,-0.141041,0.557647,0.144078,0.974069,1,1
1.22963,0.104615,-1.03666,-0.174059,1.79955,0.681484,1,0.67
1.59925,0.340267,0.944535,0.296079,2.04976,0.309579,0,1
0.769411,0.468892,1.52316,0.315035,1.77946,0.447773,0,1
0.451861,0.411923,1.22051,0.323137,1.25717,0.535234,0,1
0.451913,0.273786,0.831657,0.0719828,0.94622,0.277996,0,1
0.172938,0.27191,-0.103541,0.0136722,0.291426,0.275336,1,0.67
0.189581,0.297546,0.370368,0.0229889,0.450348,0.233382,0,0.67
0.444971,0.198673,1.2326,0.130098,1.23463,0.301061,0,1
1.14233,0.477905,1.50605,0.640844,2.23439,0.644401,0,1
1.27419,0.761237,-0.357747,0.034116,1.66499,0.600158,1,0.67
0.261488,0.840321,-0.754869,-0.152837,1.03148,0.997025,1,0.67
0.419227,0.825196,-0.0994767,-0.17047,0.423427,1.08294,0,0.67
0.559229,0.759035,0.35793,0.0293118,0.561662,0.998243,0,0.67
0.547144,0.840455,1.24938,0.0558475,1.25302,0.989678,0,0.67
0.443489,0.835047,0.513031,-0.0389234,0.692231,0.982762,0,0.67
0.401407,0.728951,-0.0829028,-0.120764,0.0831718,1.021,0,0.67
1.22125,0.121786,0.233882,-0.470129,1.49058,0.686871,0,1
1.34,0.101479,1.86679,0.168689,2.05689,0.2628,0,1
0.585533,0.259426,1.86219,0.464532,1.87207,0.472713,0,1
0.673999,0.26994,0.760397,0.464925,1.35365,0.476025,0,1
0.652856,0.19941,0.302426,0.176863,1.04306,0.23444,0,1
0.227094,0.247238,-0.17227,0.215356,0.276539,0.279943,1,1
0.128001,0.217545,0.576062,0.221018,0.576675,0.275359,0,0.67
0.621357,0.133809,0.950806,0.294249,1.21931,0.340904,0,1
1.2287,0.585994,0.0266926,0.373891,2.13409,0.556284,1,0.67
1.16545,0.719004,-1.28252,-0.309655,1.80665,0.653534,1,0.67
0.152595,0.761933,-0.980436,-0.658973,1.00521,0.997923,1,0.67
0.400181,0.848891,0.254731,-0.724515,0.435056,1.01895,0,0.67
0.448052,0.833421,0.548875,-0.525991,0.550001,0.967334,0,0.67
0.536732,0.952976,0.774515,-0.583869,1.177,0.996012,0,0.67
0.520047,0.916046,0.0266576,-0.592506,0.861405,0.972715,0,0.67
0.336084,0.767883,-0.0923109,-0.669554,0.147107,1.00821,0,0.67
0.86019,0.319307,1.31793,-0.491525,1.52919,0.514728,0,1
0.932137,0.283869,1.82785,-0.0336578,1.8874,0.234061,0,1
0.730187,0.381926,1.26018,0.392502,1.79869,0.443089,0,1
0.867164,0.325185,-0.138276,0.416029,1.4244,0.494151,1,0.67
0.785412,0.235178,-0.349406,0.237198,1.06222,0.239275,1,0.67
0.296918,0.159912,-0.242061,0.28791,0.251252,0.288377,1,0.67
0.255889,0.139452,0.495988,0.282766,0.608678,0.283067,0,1
0.751393,0.181417,0.149535,0.262799,1.1187,0.264541,1,0.67
0.995136,0.440908,-1.46799,-0.101018,2.15976,0.538967,1,0.67
0.789825,0.44935,-1.61274,-0.541105,1.63743,0.604128,1,0.67
0.118351,0.496787,-0.886712,-0.962991,0.956605,0.976829,0,0.67
0.332766,0.581458,0.349948,-1.02192,0.373603,1.02271,0,0.67
0.408249,0.564087,0.449056,-0.922577,0.553691,0.956813,0,0.67
0.574282,0.69203,0.0292861,-1.00804,1.16426,1.03062,0,0.67
0.549211,0.666215,-0.481525,-0.95341,0.872861,0.975309,0,0.67
0.319319,0.55483,-0.125658,-1.01237,0.159752,1.0237,0,0.67
0.82808,0.339817,1.67714,-0.418597,1.68454,0.502586,0,1
1.09396,0.423583,0.961727,-0.270108,1.80323,0.300126,0,1
0.951139,0.551645,0.00966344,0.103716,1.73017,0.366853,1,0.67
0.861919,0.459532,-1.05763,0.140248,1.4537,0.476925,1,0.67
0.742483,0.320489,-1.00412,0.157532,1.14597,0.229076,1,0.67
0.292238,0.199114,-0.257847,0.269825,0.272939,0.325393,1,0.67
0.309423,0.179956,0.0688001,0.226822,0.593747,0.269844,1,0.67
0.76898,0.230411,-0.598907,0.2206,1.15746,0.276945,1,0.67
0.760939,0.230241,-2.40146,-0.48847,2.43147,0.638658,1,0.67
0.730619,0.309649,-1.26163,-0.487293,1.50947,0.506537,1,0.67
0.209255,0.431855,-0.386721,-0.797595,0.881896,0.920293,0,0.67
0.266155,0.446661,0.405354,-0.793386,0.429464,1.01089,0,0.67
0.431691,0.375002,0.16706,-0.861637,0.550637,0.952255,0,0.67
0.654495,0.421151,-0.741334,-0.929771,1.16821,1.04454,0,1
0.552829,0.408003,-0.852036,-0.875711,0.891926,0.981765,0,0.67
0.304416,0.379106,-0.0876328,-0.849648,0.0879916,0.996043,0,0.67
1.06223,0.201598,1.3444,-0.0822356,1.71117,0.580056,0,1
1.43889,0.400527,-0.320873,-0.33912,1.86573,0.340259,0,1
0.936709,0.538157,-1.16427,-0.206853,1.78969,0.393038,1,0.67
0.608721,0.452676,-1.44075,-0.186942,1.44743,0.489512,1,0.67
0.519565,0.284997,-1.16782,-0.0130543,1.17672,0.239853,1,0.67
0.220019,0.235139,-0.0702036,0.126551,0.243291,0.296948,1,1
0.302169,0.253701,-0.304022,0.0702323,0.591306,0.233576,1,0.67
0.578345,0.241966,-1.13719,-0.00335231,1.21592,0.252533,1,0.67
0.9194,0.349544,-2.27777,-0.713591,2.48658,0.724688,1,0.67
1.15578,0.638343,-0.419711,-0.271788,1.61002,0.553506,1,0.67
0.375333,0.767306,0.30544,-0.265272,0.948782,0.927149,0,0.67
0.286939,0.727826,0.240271,-0.210455,0.387267,1.04774,0,0.67
0.493956,0.613535,-0.239982,-0.420756,0.526831,0.974911,0,0.67
0.593886,0.674565,-1.26919,-0.456936,1.29501,1.04493,1,0.67
0.44599,0.712679,-0.848327,-0.379296,0.919213,0.969053,1,1
0.259485,0.664528,0.0105062,-0.253251,0.107001,0.994925,0,0.67
1.18862,0.0794434,0.411415,0.329066,1.465,0.700092,0,1
1.46653,0.208118,-1.47368,-0.238252,1.98104,0.294748,1,0.67
0.716576,0.346624,-1.88585,-0.412818,1.92657,0.453266,1,0.67
0.586199,0.308127,-1.24765,-0.408201,1.47825,0.48096,1,0.67
0.605843,0.20985,-0.770867,-0.10659,1.12184,0.222313,1,0.67
0.239041,0.270077,0.0989677,-0.0456394,0.314004,0.249627,0,0.67
0.233274,0.278299,-0.643295,-0.109758,0.660223,0.242335,1,0.67
0.489121,0.166049,-1.23979,-0.189976,1.29224,0.298209,1,0.67
1.18275,0.542641,-1.14457,-0.577742,2.25704,0.622787,1,0.67
1.25764,0.769933,0.68285,0.129075,1.73236,0.629136,0,1
0.246955,0.83564,0.817154,0.391921,1.01664,0.999889,0,0.67
0.416443,0.845374,-0.0577081,0.456687,0.354043,1.04964,1,1
0.504622,0.811957,-0.55888,0.187726,0.600143,0.961654,1,1
0.530809,0.967396,-1.16634,0.231199,1.27103,0.992301,1,0.67
0.537101,0.958959,-0.371927,0.304823,0.866676,0.97094,1,1
0.308944,0.815756,0.119142,0.430104,0.196308,1.03326,1,1
1.00206,0.240824,-0.7404,0.525555,1.37028,0.630333,1,0.67
1.04191,0.139747,-1.94438,-0.0678052,1.95377,0.219208,1,0.67
0.686274,0.289941,-1.70673,-0.440927,1.88006,0.442839,1,0.67
0.896926,0.267729,-0.398324,-0.433545,1.44498,0.436416,0,1
0.81496,0.197915,-0.0440267,-0.180323,1.12939,0.197486,0,1
0.358143,0.195209,0.205544,-0.221972,0.324535,0.254873,0,1
0.250634,0.166556,-0.638958,-0.243072,0.688757,0.276484,1,0.67
0.756341,0.148393,-0.73052,-0.288889,1.221,0.306776,1,0.67
1.21532,0.575335,0.578987,-0.161129,2.12794,0.509605,0,1
1.02712,0.646225,1.48639,0.455028,1.7452,0.652065,0,1
0.134797,0.663445,0.999145,0.858677,0.999493,1.00221,0,0.67
0.365617,0.737499,-0.291827,0.923057,0.381887,1.01819,1,1
0.432175,0.736325,-0.533595,0.752808,0.546256,0.953123,1,1
0.565855,0.872336,-0.476265,0.842071,1.15304,1.01149,1,0.67
0.555208,0.831421,0.240566,0.838224,0.897701,0.996284,1,1
0.315974,0.677168,0.142282,0.911463,0.183433,1.0367,1,1
0.786448,0.325743,-1.54169,0.50822,1.58645,0.512934,1,0.67
0.93385,0.352737,-1.49453,0.15895,1.80884,0.230361,1,0.67
0.890372,0.463194,-0.706452,-0.240105,1.78028,0.357988,1,0.67
0.906722,0.36151,0.590941,-0.285259,1.4729,0.448596,0,1
0.805904,0.247317,0.690473,-0.189645,1.16781,0.204297,0,1
0.351231,0.154587,0.25199,-0.292971,0.266473,0.300581,0,0.67
0.351094,0.145971,-0.317898,-0.259021,0.637166,0.261572,1,0.67
0.812821,0.202397,0.136308,-0.24755,1.19229,0.259267,0,1
0.866546,0.343312,1.95669,0.294802,2.31124,0.590227,0,1
0.683343,0.344458,1.52327,0.557497,1.53366,0.566958,0,1
0.148569,0.404895,0.69088,0.950385,0.894294,0.956991,1,1
0.290433,0.468146,-0.40642,0.982023,0.406629,1.01872,1,1
0.414371,0.448546,-0.339284,0.963917,0.555288,0.964694,1,1
0.604813,0.5401,0.333844,1.04446,1.17341,1.04934,1,0.67
0.547038,0.516308,0.696136,0.977655,0.894684,0.981776,1,0.67
0.277685,0.424605,0.132357,0.992165,0.132672,1.00582,1,1
0.936504,0.287108,-1.62179,0.264903,1.72563,0.523404,1,0.67
1.29066,0.43343,-0.355168,0.307075,1.79816,0.31206,1,0.67
1.00233,0.56648,0.562415,0.0273328,1.79307,0.36599,0,1
0.789766,0.462934,1.3069,-0.00964445,1.47736,0.477174,0,1
0.661458,0.332843,1.10972,-0.10416,1.14639,0.22933,0,1
0.272791,0.241083,0.22861,-0.202759,0.257936,0.310664,0,0.67
0.350682,0.229074,0.126498,-0.161984,0.599837,0.244272,0,1
0.704746,0.246452,0.891839,-0.111773,1.21271,0.250057,0,1
0.76803,0.243536,2.47954,0.632549,2.48581,0.702596,0,1
0.888882,0.432122,0.980806,0.449032,1.54211,0.543423,0,1
0.302131,0.577578,0.108767,0.615927,0.917974,0.92555,1,1
0.216293,0.572403,-0.276925,0.605343,0.357473,1.04338,1,1
0.398122,0.48926,-0.010474,0.705953,0.537651,0.965431,1,1
0.60002,0.501736,1.02658,0.763071,1.23261,1.05175,0,1
0.455006,0.507074,0.873646,0.684114,0.873802,0.964519,0,0.67
0.22271,0.489691,0.0887056,0.626481,0.115321,0.97823,1,1
1.11038,0.110603,-0.993461,-0.115381,1.61038,0.64546,1,0.67
1.4512,0.301778,0.892044,0.298324,1.92919,0.310538,0,1
0.853309,0.458276,1.56163,0.280247,1.85513,0.406633,0,1
0.551061,0.404963,1.45507,0.289425,1.47961,0.496413,0,1
0.533574,0.268116,1.08011,0.0517821,1.17789,0.253561,0,1
0.23861,0.24953,0.0434451,-0.0361194,0.271297,0.292204,0,0.67
0.252717,0.257252,0.467077,-0.00891134,0.585856,0.235457,0,0.67
0.507205,0.205891,1.23943,0.0809497,1.24489,0.276373,0,1
1.03651,0.436641,1.8802,0.687119,2.40446,0.688159,0,1
1.21885,0.709711,-0.0321603,0.130165,1.65317,0.585471,1,0.67
0.343363,0.835761,-0.563821,-0.0124316,1.01298,0.961981,1,0.67
0.329166,0.814257,-0.143852,-0.0839109,0.368769,1.06259,1,1
0.519441,0.719411,0.319675,0.153109,0.499426,0.988958,0,0.67
0.559665,0.788729,1.2617,0.162813,1.26363,1.01636,0,0.67
0.435474,0.814088,0.663684,0.0944331,0.858987,0.958925,0,0.67
0.276626,0.733981,-0.0275117,-0.0237388,0.143503,0.99101,1,1
1.15917,0.127007,0.0437395,-0.462117,1.39408,0.702501,0,1
1.33178,0.110631,1.76519,0.165072,1.97084,0.253016,0,1
0.630467,0.264545,1.91748,0.440024,1.92088,0.451939,0,1
0.664726,0.262177,0.954376,0.458612,1.45827,0.478236,0,1
0.705307,0.189503,0.514234,0.163962,1.13297,0.229716,0,1
0.327545,0.224759,-0.18353,0.137594,0.357641,0.244554,1,0.67
0.182559,0.233973,0.614702,0.155182,0.615705,0.236929,0,0.67
0.55772,0.12714,1.09069,0.26011,1.26878,0.319195,0,1
1.24818,0.586834,0.433586,0.4332,2.15146,0.564595,0,1
1.22613,0.770851,-1.06419,-0.265642,1.74435,0.651102,1,0.67
0.24169,0.809206,-0.999969,-0.637025,1.0748,1.02007,1,0.67
0.389791,0.848356,0.157694,-0.700866,0.344943,1.0472,0,0.67
0.456407,0.818741,0.527104,-0.468002,0.533824,0.966516,0,0.67
0.542101,0.969977,0.954479,-0.503724,1.22596,0.972505,0,0.67
0.571833,0.966729,0.107573,-0.563572,0.850418,0.984187,0,0.67
0.315082,0.796503,-0.12922,-0.665588,0.206478,1.03997,0,0.67
0.908151,0.278836,1.09796,-0.573457,1.40721,0.602328,0,1
0.920993,0.223239,1.88025,-0.0143017,1.90706,0.201901,0,1
0.764026,0.361804,1.36749,0.381826,1.80879,0.406828,0,1
0.953927,0.320973,0.00160265,0.412993,1.46166,0.455472,1,0.67
0.855349,0.231086,-0.311178,0.189154,1.16149,0.18923,1,0.67
0.359002,0.15671,-0.267605,0.261501,0.333803,0.26287,1,0.67
0.261672,0.139487,0.493952,0.253387,0.633177,0.259566,0,1
0.79333,0.16986,0.40405,0.304069,1.18223,0.305585,0,1
1.10786,0.502902,-1.25349,-0.0380035,2.18203,0.522552,1,0.67
0.845539,0.511641,-1.62702,-0.551269,1.70242,0.643824,1,0.67
0.116748,0.524657,-0.946579,-0.96461,0.973367,0.998975,0,0.67
0.345492,0.614952,0.399611,-0.995999,0.4313,1.00463,0,0.67
0.414432,0.621263,0.468233,-0.904574,0.528197,0.964529,0,0.67
0.57135,0.7402,0.170164,-0.97355,1.13875,1.01761,0,0.67
0.522507,0.696614,-0.468204,-0.956495,0.883911,1.00034,0,0.67
0.287433,0.553553,-0.137288,-0.990248,0.165717,1.01776,0,0.67
0.778177,0.295249,1.6658,-0.425229,1.66604,0.495028,0,1
1.03112,0.393232,1.12149,-0.217663,1.78663,0.251075,0,1
0.954197,0.52167,0.200045,0.137251,1.74135,0.349484,0,1
0.853106,0.411339,-0.951936,0.178041,1.49365,0.472374,1,0.67
0.740975,0.273765,-0.919977,0.163715,1.16319,0.217654,1,0.67
0.304078,0.169212,-0.232634,0.270474,0.23272,0.307958,1,0.67
0.364708,0.171519,0.142657,0.231284,0.602809,0.249189,1,0.67
0.793218,0.232155,-0.46008,0.202455,1.17867,0.244941,1,0.67
0.766856,0.265223,-2.32767,-0.481692,2.42122,0.656473,1,0.67
0.717795,0.3173,-1.37723,-0.538966,1.51298,0.54533,1,0.67
0.210509,0.423767,-0.460728,-0.843605,0.896064,0.932938,0,0.67
0.280007,0.430498,0.398475,-0.8698,0.405545,1.03396,0,0.67
0.427102,0.379276,0.196042,-0.922091,0.512427,0.977045,0,0.67
0.620329,0.434979,-0.67061,-0.981382,1.19725,1.05548,0,1
0.509269,0.420071,-0.796632,-0.896212,0.863009,0.966354,0,0.67
0.278283,0.370181,-0.0935191,-0.873967,0.0936366,0.975906,0,0.67
1.06129,0.222627,1.43975,-0.107468,1.70381,0.57734,0,1
1.4206,0.406735,-0.154531,-0.314909,1.85758,0.314945,0,1
0.966874,0.54394,-1.01924,-0.139123,1.81365,0.384384,1,0.67
0.666967,0.445979,-1.45237,-0.116294,1.49005,0.493155,1,0.67
0.579991,0.311601,-1.13706,0.0648034,1.13729,0.236651,1,0.67
0.22467,0.254869,-0.16697,0.141266,0.253049,0.304407,1,1
0.317164,0.23831,-0.30549,0.0978123,0.599908,0.228261,1,0.67
0.60325,0.209816,-1.09846,0.0303743,1.23458,0.246742,1,0.67
0.892531,0.332798,-2.34587,-0.680934,2.47065,0.700472,1,0.67
1.06006,0.573931,-0.576795,-0.308459,1.56757,0.545632,1,0.67
0.327883,0.710098,0.182629,-0.358538,0.956068,0.933204,0,0.67
0.255916,0.696012,0.228059,-0.333897,0.365561,1.05406,0,0.67
0.405605,0.615929,-0.140803,-0.502345,0.516552,0.972642,0,0.67
0.554135,0.645169,-1.14739,-0.519438,1.2106,1.03301,1,0.67
0.445591,0.637403,-0.79483,-0.440039,0.834784,0.951627,1,1
0.263927,0.589766,-0.0701229,-0.380539,0.123226,0.975584,0,0.67
1.17191,0.0741218,0.572642,0.278961,1.50995,0.689009,0,1
1.41948,0.213677,-1.33589,-0.263931,1.98566,0.295616,1,0.67
0.751459,0.368083,-1.75356,-0.343252,1.85013,0.410704,1,0.67
0.549874,0.344063,-1.32955,-0.38207,1.4749,0.493036,1,0.67
0.575742,0.233122,-0.890711,-0.0919488,1.14546,0.241467,1,0.67
0.259077,0.246723,0.0337193,-0.0371952,0.306326,0.273224,0,1
0.214691,0.2504,-0.534542,-0.0473429,0.578497,0.226216,1,0.67
0.470941,0.171092,-1.2076,-0.141894,1.22555,0.279448,1,0.67
1.12198,0.501615,-1.31132,-0.591249,2.27263,0.618934,1,0.67
1.25526,0.757158,0.437134,0.0378729,1.70405,0.609563,0,1
0.318294,0.866044,0.774221,0.302353,1.04157,0.991083,0,0.67
0.349231,0.875,0.0054329,0.371978,0.347718,1.05519,1,1
0.51126,0.79687,-0.400519,0.14336,0.484715,0.985604,1,1
0.522503,0.893696,-1.20318,0.136308,1.26091,0.991555,1,0.67
0.476806,0.909976,-0.475693,0.195494,0.848398,0.95831,1,1
0.305656,0.802501,0.0211096,0.301223,0.149543,1.00692,1,1
1.05859,0.208493,-0.502231,0.554549,1.33965,0.685874,1,0.67
1.15557,0.0683441,-1.90892,-0.0871472,1.95852,0.214913,1,0.67
0.601422,0.237178,-1.75371,-0.426635,1.84252,0.426666,1,0.67
0.760596,0.247971,-0.657903,-0.49521,1.45427,0.495446,1,0.67
0.79395,0.191836,-0.182769,-0.182145,1.11337,0.211784,1,0.67
0.340672,0.196969,0.228216,-0.194416,0.345731,0.241234,0,1
0.174183,0.204832,-0.573555,-0.195728,0.602651,0.241508,1,0.67
0.620546,0.116736,-0.828295,-0.281786,1.20592,0.315969,1,0.67
1.20911,0.561387,0.251535,-0.267169,2.1008,0.515766,0,1
1.10652,0.689162,1.34427,0.402514,1.72423,0.643755,0,1
0.168759,0.711676,1.04158,0.830201,1.05169,1.02578,0,0.67
0.398174,0.759035,-0.228152,0.896119,0.348942,1.04265,1,1
0.44807,0.737599,-0.563883,0.674789,0.567184,0.937649,1,1
0.556123,0.896989,-0.679014,0.738036,1.17941,0.968792,1,0.67
0.599749,0.882533,0.107928,0.751548,0.868419,0.965057,1,1
0.318032,0.72272,0.172458,0.862055,0.223959,1.04678,1,1
0.817376,0.289459,-1.42313,0.547259,1.51529,0.547339,1,0.67
0.891148,0.292255,-1.6501,0.109189,1.83385,0.200536,1,0.67
0.867603,0.436164,-0.990379,-0.326232,1.78843,0.391155,1,0.67
0.965945,0.372101,0.418455,-0.33059,1.45621,0.448374,0,1
0.835902,0.247988,0.598225,-0.186675,1.17625,0.194095,0,1
0.307396,0.149243,0.299925,-0.273793,0.320188,0.277757,0,1
0.253467,0.129065,-0.402765,-0.277746,0.633887,0.277748,1,0.67
0.795423,0.187386,-0.0506594,-0.290933,1.14596,0.293107,0,1
0.939382,0.401027,1.78032,0.217508,2.25753,0.564887,0,1
0.719696,0.372076,1.65392,0.585128,1.6542,0.612102,0,1
0.183302,0.426063,0.79682,0.961509,0.92841,0.961604,1,1
0.295221,0.496157,-0.399707,0.995949,0.406349,1.01039,1,1
0.397118,0.486466,-0.41706,0.934213,0.5521,0.935662,1,1
0.605992,0.583609,0.220237,1.03305,1.15911,1.03305,1,0.67
0.505411,0.541642,0.645994,0.976103,0.901632,0.97623,1,1
0.24422,0.438344,0.143382,0.991586,0.15512,0.992851,1,1
0.847835,0.254733,-1.70849,0.289583,1.76036,0.512077,1,0.67
1.22041,0.41569,-0.651191,0.251417,1.78503,0.258387,1,0.67
1.01214,0.566019,0.320337,-0.0320231,1.77661,0.361788,0,1
0.785629,0.441438,1.24264,-0.0499387,1.50528,0.492612,0,1
0.64981,0.282454,1.04957,-0.132421,1.13327,0.230349,0,1
0.264322,0.203999,0.176738,-0.24393,0.201829,0.320479,0,0.67
0.368919,0.219836,0.0216425,-0.193285,0.584067,0.247629,0,1
0.731426,0.245942,0.774473,-0.140429,1.19455,0.243761,0,1
0.756572,0.236202,2.49434,0.601908,2.49566,0.704986,0,1
0.875294,0.407423,1.12089,0.479738,1.51886,0.534857,0,1
0.298839,0.532357,0.194918,0.673038,0.907908,0.914564,1,1
0.265274,0.497452,-0.356927,0.665669,0.393256,1.03596,1,1
0.450657,0.413376,-0.0424051,0.781081,0.543638,0.962739,1,0.67
0.608042,0.45054,0.931019,0.828741,1.23124,1.04182,0,1
0.482755,0.455088,0.847953,0.734654,0.856908,0.9459,0,0.67
0.273156,0.420466,0.0482495,0.687372,0.0635368,0.961548,1,1
1.18109,0.14683,-1.17555,-0.067423,1.6812,0.637803,1,0.67
1.51091,0.354209,0.673407,0.305002,1.9159,0.312101,0,1
0.873337,0.480714,1.43754,0.257679,1.883,0.420873,0,1
0.559813,0.40587,1.42506,0.232231,1.42739,0.491024,0,1
0.51799,0.28595,1.07463,0.00990092,1.12487,0.242114,0,1
0.186681,0.272718,0.0421098,-0.0733612,0.248468,0.293114,0,0.67
0.278093,0.266037,0.45124,-0.0101844,0.622856,0.237625,0,1
0.518343,0.204809,1.19738,0.0457981,1.22458,0.268009,0,1
1.00568,0.412488,2.03803,0.694025,2.4013,0.694725,0,1
1.16285,0.672086,0.134804,0.176219,1.63271,0.587809,1,0.67
0.298371,0.781192,-0.430695,0.103805,0.98058,0.95218,1,0.67
0.321449,0.778425,-0.129357,0.0422152,0.349834,1.05457,1,1
0.478415,0.702478,0.319915,0.263162,0.557255,0.963804,0,0.67
0.564321,0.76192,1.21631,0.238663,1.21972,1.01431,0,0.67
0.45412,0.754366,0.723629,0.186666,0.848356,0.944769,0,0.67
0.305342,0.683774,0.011727,0.0924408,0.115177,0.984848,1,1
1.1858,0.10721,-0.114315,-0.402648,1.45429,0.692598,0,1
1.37085,0.137445,1.62438,0.182771,1.97018,0.251733,0,1
0.664034,0.301444,1.88787,0.418287,1.89268,0.444499,0,1
0.581427,0.2942,1.02825,0.428419,1.40777,0.468722,0,1
0.618458,0.209347,0.651704,0.161394,1.12647,0.24902,0,1
0.289087,0.230053,-0.120765,0.115498,0.310761,0.252068,1,0.67
0.17835,0.224057,0.620408,0.141854,0.624337,0.242585,0,0.67
0.51616,0.130703,1.06274,0.1945,1.17896,0.276194,0,1
1.18061,0.550568,0.71312,0.494453,2.16757,0.584403,0,1
1.20581,0.756924,-0.896671,-0.207615,1.73333,0.650196,1,0.67
0.26096,0.84102,-0.888075,-0.52762,1.00868,0.997642,1,0.67
0.375528,0.874345,0.0737522,-0.64178,0.33111,1.07377,0,0.67
0.505451,0.809204,0.544145,-0.376855,0.565768,0.963723,0,0.67
0.52538,0.924568,1.01203,-0.433442,1.20725,0.988416,0,0.67
0.496239,0.90991,0.294343,-0.429323,0.852078,0.938252,0,0.67
0.323387,0.790476,-0.0760221,-0.55937,0.161046,1.01178,0,0.67
0.953848,0.256526,0.963689,-0.570761,1.4053,0.617075,0,1
0.990527,0.157361,1.88881,-0.00827975,1.89015,0.191824,0,1
0.679219,0.289806,1.55985,0.413819,1.85215,0.422519,0,1
0.86566,0.277404,0.218359,0.443502,1.41385,0.460764,1,0.67
0.84709,0.219038,-0.115009,0.20634,1.10665,0.211799,1,0.67
0.360092,0.161711,-0.296829,0.225,0.360846,0.232169,1,0.67
0.212772,0.15399,0.534295,0.232701,0.620456,0.244923,0,1
0.695868,0.133208,0.524532,0.277952,1.16347,0.283312,0,1
1.1279,0.523643,-0.920491,0.0685082,2.10886,0.509004,1,0.67
0.934148,0.584516,-1.54017,-0.515275,1.682,0.648837,1,0.67
0.113484,0.594144,-0.99831,-0.949076,1.00591,1.01659,1,1
0.356315,0.663075,0.304041,-1.00713,0.353243,1.04026,0,0.67
0.426821,0.652046,0.538912,-0.835835,0.577684,0.940108,0,0.67
0.594703,0.7879,0.36444,-0.904199,1.1647,0.983149,0,0.67
0.60073,0.765597,-0.336057,-0.89488,0.870528,0.97143,0,0.67
0.313647,0.607051,-0.171875,-0.97366,0.209739,1.03172,0,0.67
0.775258,0.270461,1.60351,-0.476091,1.61021,0.51347,0,1
0.938033,0.325244,1.33913,-0.162713,1.80266,0.202808,0,1
0.92179,0.487884,0.496655,0.221338,1.75257,0.360561,0,1
0.915874,0.40876,-0.758868,0.243162,1.44331,0.458864,1,0.67
0.771762,0.268063,-0.844093,0.159158,1.16888,0.196689,1,0.67
0.27374,0.140285,-0.258372,0.257292,0.259128,0.281155,1,0.67
0.295921,0.132109,0.243238,0.236981,0.604957,0.245309,0,1
0.792516,0.219758,-0.269104,0.237978,1.12848,0.258232,1,0.67
0.809046,0.313012,-2.19619,-0.412069,2.36963,0.633518,1,0.67
0.691553,0.309943,-1.51863,-0.57962,1.57826,0.57962,1,0.67
0.240998,0.417738,-0.603194,-0.907191,0.907518,0.951176,0,0.67
0.253776,0.442665,0.42343,-0.902752,0.424917,1.01517,0,0.67
0.416145,0.393973,0.283691,-0.925087,0.538269,0.951304,0,0.67
0.662779,0.458543,-0.511437,-0.989737,1.16473,1.03,0,1
0.542366,0.431999,-0.80768,-0.943866,0.924343,0.976836,0,0.67
0.242755,0.37689,-0.119204,-0.912971,0.120471,0.971084,0,0.67
1.00021,0.224082,1.56739,-0.143331,1.75247,0.564481,0,1
1.39715,0.418061,0.120727,-0.278141,1.81944,0.278148,0,1
1.02832,0.572862,-0.80153,-0.0762952,1.79848,0.368419,1,0.67
0.70703,0.458782,-1.41698,-0.0737138,1.50627,0.494337,1,0.67
0.595084,0.291891,-1.1449,0.0789528,1.15299,0.232075,1,0.67
0.226738,0.231402,-0.10793,0.188976,0.194108,0.303756,1,1
0.381052,0.256492,-0.167338,0.139645,0.570389,0.227516,1,0.67
0.672312,0.254556,-1.00753,0.0618936,1.21467,0.230571,1,0.67
0.802043,0.278977,-2.44315,-0.684565,2.49341,0.720804,1,0.67
1.0044,0.527808,-0.769384,-0.374755,1.54393,0.546864,1,0.67
0.297402,0.653053,0.0862715,-0.44453,0.949255,0.930563,0,0.67
0.316243,0.603213,0.274225,-0.430222,0.367764,1.05227,0,0.67
0.489695,0.514124,-0.101635,-0.595718,0.51922,0.975466,0,0.67
0.592491,0.56281,-1.14805,-0.635384,1.26982,1.03633,1,0.67
0.448575,0.585803,-0.829743,-0.532172,0.840345,0.942001,1,1
0.266985,0.539008,-0.0506238,-0.460114,0.0886378,0.961573,0,0.67
1.20117,0.0713005,0.793242,0.234157,1.56218,0.685073,0,1
1.49195,0.271231,-1.15442,-0.276563,1.97864,0.297502,1,0.67
0.78853,0.404887,-1.70772,-0.334086,1.88933,0.429946,1,0.67
0.54637,0.358633,-1.36874,-0.326984,1.44396,0.489823,1,0.67
0.540371,0.255359,-0.917452,-0.0399571,1.10417,0.230949,1,0.67
0.196187,0.268538,0.000146576,-0.00245273,0.282251,0.277199,0,0.67
0.240488,0.260415,-0.525589,-0.0311595,0.600806,0.224955,1,0.67
0.488275,0.160669,-1.27064,-0.127192,1.27206,0.289448,1,0.67
1.16113,0.518733,-1.56443,-0.627119,2.30697,0.638246,1,0.67
1.2554,0.751524,0.313025,-0.0060554,1.69695,0.611442,0,1
0.305764,0.841234,0.679791,0.186186,1.03762,0.97828,0,0.67
0.340897,0.850765,0.0326056,0.241479,0.348374,1.04779,1,1
0.472429,0.790285,-0.410128,0.00926365,0.524928,0.965671,1,1
0.534162,0.879124,-1.21906,0.0296817,1.23937,0.988827,1,0.67
0.466195,0.864112,-0.519351,0.103244,0.840493,0.948654,1,1
0.31569,0.754313,0.0133433,0.187757,0.147413,0.989849,1,1
1.09969,0.171182,-0.330562,0.512915,1.36338,0.682203,1,0.67
1.19499,0.0673626,-1.88136,-0.125267,1.99913,0.212524,1,0.67
0.628159,0.24059,-1.80094,-0.408079,1.83456,0.412554,1,0.67
0.710203,0.250876,-0.76744,-0.458668,1.44091,0.46625,1,0.67
0.71011,0.186074,-0.332999,-0.169401,1.11237,0.223872,1,0.67
0.307675,0.217731,0.181842,-0.177037,0.326519,0.254253,0,1
0.170834,0.208965,-0.591584,-0.168484,0.598672,0.231998,1,0.67
0.566216,0.121628,-0.906643,-0.257069,1.18088,0.304385,1,0.67
1.17775,0.536208,0.00798248,-0.323548,2.11804,0.523011,0,1
1.10232,0.683889,1.21713,0.330885,1.73018,0.640139,0,1
0.184013,0.74483,1.0069,0.734575,1.03758,1.00398,0,0.67
0.358417,0.812074,-0.21185,0.802115,0.364126,1.02131,1,1
0.44211,0.779477,-0.498122,0.613345,0.498191,0.96132,1,1
0.527653,0.898114,-0.771649,0.665029,1.18132,0.971581,1,0.67
0.530097,0.868102,-2.44688e-05,0.66953,0.871296,0.950935,1,1
0.326172,0.736879,0.0783041,0.755004,0.166882,1.00235,1,1
0.847919,0.276448,-1.27021,0.576252,1.44616,0.579024,1,0.67
0.897779,0.237155,-1.77504,0.0690009,1.86793,0.17642,1,0.67
0.765458,0.351904,-1.13591,-0.331969,1.7741,0.373975,1,0.67
0.89262,0.30983,0.159003,-0.397914,1.42874,0.461249,0,1
0.847781,0.238549,0.422172,-0.209212,1.12656,0.209619,0,1
0.366325,0.156541,0.271336,-0.273739,0.302204,0.273739,0,1
0.265099,0.132784,-0.400136,-0.242751,0.593422,0.243721,1,0.67
0.752294,0.161865,-0.217344,-0.294285,1.12743,0.294292,0,1
0.99626,0.439708,1.52204,0.119237,2.18137,0.539252,0,1
0.789799,0.455769,1.59425,0.545741,1.61085,0.598181,0,1
0.116293,0.472763,0.924482,0.981841,0.998931,0.988307,1,0.67
0.306908,0.542228,-0.330857,1.02479,0.347045,1.02517,1,1
0.387963,0.523928,-0.429436,0.921742,0.533491,0.937742,1,1
0.601859,0.644499,-0.00544687,0.982051,1.13645,0.988329,1,0.67
0.600261,0.621001,0.542949,0.948564,0.882469,0.956074,1,1
0.297902,0.495517,0.159822,1.00139,0.181806,1.00337,1,1
0.828531,0.270314,-1.64543,0.377052,1.66505,0.51981,1,0.67
1.10173,0.368474,-0.867231,0.219735,1.78968,0.231759,1,0.67
0.982417,0.532154,0.0387341,-0.11498,1.73446,0.347711,0,1
0.850258,0.446567,1.08354,-0.13352,1.45895,0.473069,0,1
0.702512,0.293885,1.02439,-0.142008,1.1591,0.222247,0,1
0.264684,0.170939,0.249509,-0.240823,0.254419,0.30609,0,0.67
0.301603,0.167292,-0.0699375,-0.21527,0.576126,0.250224,0,1
0.75353,0.238035,0.611404,-0.188099,1.16104,0.256743,0,1
0.751572,0.239226,2.421,0.53687,2.44396,0.672647,0,1
0.777382,0.346129,1.29928,0.536617,1.55006,0.559639,0,1
0.285374,0.488798,0.356204,0.771579,0.902741,0.927616,1,1
0.22305,0.476719,-0.382365,0.758909,0.406033,1.02659,1,1
0.423427,0.385261,-0.168864,0.8233,0.528826,0.947162,1,0.67
0.655694,0.409388,0.802703,0.887707,1.20306,1.03109,1,0.67
0.504024,0.413901,0.886028,0.829973,0.911636,0.960941,0,0.67
0.221891,0.405316,0.107765,0.78082,0.107847,0.965611,1,1
1.07684,0.152623,-1.35094,-0.0238645,1.72535,0.617806,1,0.67
1.48288,0.377298,0.402598,0.281668,1.86761,0.286189,0,1
0.965346,0.532277,1.23462,0.189799,1.83058,0.388204,0,1
0.60579,0.444083,1.45886,0.181918,1.46395,0.494502,0,1
0.528628,0.282647,1.15069,-0.00781975,1.16651,0.250064,0,1
0.20065,0.248378,0.0447494,-0.125274,0.218023,0.304694,0,0.67
0.318674,0.272947,0.324385,-0.0734461,0.565802,0.226024,0,1
0.566324,0.241128,1.16862,0.0180678,1.23483,0.262797,0,1
0.937719,0.369196,2.23469,0.725716,2.46591,0.733811,0,1
1.16618,0.65357,0.349224,0.259303,1.58271,0.568558,0,1
0.337206,0.763833,-0.357371,0.214888,0.983992,0.943173,1,0.67
0.330508,0.717298,-0.217438,0.167031,0.374811,1.05489,1,1
0.508251,0.633686,0.243614,0.382696,0.529699,0.980701,1,1
0.571026,0.69591,1.24016,0.39014,1.26366,1.01451,0,0.67
0.435755,0.712424,0.766235,0.310752,0.83944,0.935174,0,0.67
0.278583,0.641555,-0.0180518,0.197673,0.110892,0.970149,1,1
1.21505,0.055007,-0.37408,-0.370398,1.47896,0.69973,1,0.67
1.43489,0.195951,1.53528,0.225039,2.00043,0.267606,0,1
0.690562,0.32036,1.88732,0.398222,1.9236,0.446463,0,1
0.604525,0.295847,1.16537,0.395708,1.42049,0.471501,0,1
0.620677,0.210952,0.712031,0.107132,1.10155,0.232437,0,1
0.245719,0.249673,-0.119929,0.0683347,0.325721,0.246398,1,0.67
0.188921,0.247797,0.621067,0.114911,0.638004,0.242667,0,0.67
0.507401,0.137761,1.16144,0.197459,1.22447,0.297213,0,1
1.22497,0.568349,1.00923,0.552967,2.21719,0.61099,0,1
1.23903,0.767944,-0.747305,-0.147682,1.74769,0.65415,1,0.67
0.228136,0.817427,-0.874028,-0.426966,1.0556,1.00407,1,0.67
0.390533,0.850796,0.0904243,-0.478661,0.344895,1.03831,0,0.67
0.485576,0.817983,0.487584,-0.260023,0.535437,0.96861,0,0.67
0.520036,0.921233,1.10198,-0.294756,1.2223,0.977269,0,0.67
0.484709,0.904332,0.335213,-0.344721,0.835946,0.956178,0,0.67
0.345118,0.764672,-0.06408,-0.455367,0.173633,1.01736,0,0.67
1.02979,0.20014,0.779908,-0.551991,1.38275,0.630949,0,1
1.04841,0.0997226,1.94145,0.0528069,1.94837,0.185927,0,1
0.642871,0.251698,1.64041,0.405446,1.82542,0.406734,0,1
0.771417,0.241759,0.355397,0.431959,1.41237,0.435931,1,0.67
0.742187,0.179729,0.0279867,0.201633,1.11368,0.218437,1,0.67
0.338797,0.18257,-0.19645,0.245925,0.298612,0.270455,1,0.67
0.232673,0.149245,0.558288,0.222898,0.606387,0.24855,0,1
0.713424,0.137744,0.63304,0.276275,1.16094,0.289672,0,1
1.14092,0.541344,-0.687026,0.129348,2.11063,0.516498,1,0.67
0.977103,0.620061,-1.45348,-0.457869,1.69106,0.648965,1,0.67
0.150828,0.660076,-0.98448,-0.874667,0.98448,1.00049,1,1
0.342207,0.738958,0.279303,-0.951607,0.366673,1.03127,0,0.67
0.441514,0.720099,0.51837,-0.792829,0.537145,0.965501,0,0.67
0.55073,0.83229,0.455212,-0.854399,1.13822,0.996791,0,0.67
0.542634,0.794763,-0.206963,-0.823884,0.865767,0.958746,0,0.67
0.317825,0.670334,-0.0914098,-0.897684,0.145758,1.00484,0,0.67
0.795908,0.323415,1.54572,-0.495432,1.58287,0.510336,0,1
0.943073,0.350899,1.42733,-0.161277,1.76288,0.217283,0,1
0.896975,0.460076,0.692224,0.254813,1.73181,0.355975,0,1
0.915886,0.383298,-0.591009,0.283352,1.43603,0.444967,1,0.67
0.832988,0.27875,-0.685883,0.206809,1.12366,0.220665,1,0.67
0.369515,0.164074,-0.2885,0.260632,0.291581,0.271156,1,0.67
0.310202,0.133811,0.254715,0.226017,0.594277,0.229639,0,1
0.770813,0.187095,-0.172968,0.239958,1.13918,0.253343,1,0.67
0.863615,0.347192,-1.99365,-0.312747,2.28826,0.587528,1,0.67
0.688421,0.341799,-1.55926,-0.580473,1.57568,0.58525,1,0.67
0.14778,0.401301,-0.708671,-0.95158,0.919629,0.964123,0,0.67
0.273671,0.460354,0.351398,-0.992707,0.35158,1.03835,0,0.67
0.389963,0.431276,0.33768,-0.951533,0.561544,0.956059,0,0.67
0.606494,0.514555,-0.363813,-1.01632,1.1594,1.02733,0,1
0.559928,0.48798,-0.682852,-0.945482,0.857181,0.95458,0,0.67
0.286189,0.405246,-0.145409,-0.985683,0.15095,1.00608,0,0.67
0.894676,0.235844,1.59105,-0.244991,1.70764,0.533823,0,1
1.24334,0.385551,0.377664,-0.266381,1.79457,0.26814,0,1
0.999574,0.54459,-0.526513,0.00337017,1.7521,0.342181,1,0.67
0.765758,0.463558,-1.31174,0.00351406,1.46567,0.471026,1,0.67
0.631072,0.311966,-1.11881,0.0965409,1.14804,0.231698,1,0.67
0.236574,0.208847,-0.199692,0.193761,0.251183,0.301133,1,0.67
0.324665,0.212829,-0.0946627,0.163028,0.560276,0.23262,1,0.67
0.692178,0.245685,-0.885698,0.104201,1.17239,0.23561,1,0.67
0.759621,0.244487,-2.45209,-0.638543,2.46586,0.697283,1,0.67
0.913454,0.458578,-0.994034,-0.448527,1.58356,0.558836,1,0.67
0.339155,0.619484,-0.105646,-0.592744,0.913376,0.933028,0,0.67
0.211202,0.589398,0.330738,-0.555355,0.382312,1.04863,0,0.67
0.452538,0.47053,0.0112574,-0.680647,0.515174,0.97173,0,0.67
0.648604,0.483669,-1.05361,-0.743895,1.23205,1.05155,1,0.67
0.475762,0.503162,-0.897059,-0.662001,0.897103,0.957086,1,1
0.242597,0.493323,-0.090638,-0.589326,0.113063,0.97173,0,0.67
1.15237,0.101274,0.997959,0.166401,1.62899,0.659684,0,1
1.5144,0.329144,-0.885939,-0.274895,1.91079,0.289364,1,0.67
0.882811,0.471517,-1.57141,-0.277404,1.86361,0.40359,1,0.67
0.540773,0.391567,-1.48274,-0.297358,1.50928,0.504085,1,0.67
0.55015,0.237895,-1.04785,-0.0386134,1.14194,0.251622,1,0.67
0.240258,0.237189,0.027658,0.0604209,0.296287,0.280858,1,0.67
0.253874,0.264729,-0.447109,0.0157838,0.557501,0.224311,1,0.67
0.480943,0.202122,-1.22398,-0.0863016,1.22635,0.273044,1,0.67
1.0753,0.46862,-1.843,-0.687521,2.37813,0.689158,1,0.67
1.28174,0.756767,0.0755404,-0.0982746,1.66575,0.595151,0,1
0.343986,0.836067,0.640097,0.0648351,1.06046,0.974649,0,0.67
0.355399,0.804557,0.114928,0.105431,0.331669,1.0652,0,0.67
0.4967,0.743846,-0.378902,-0.136969,0.529582,0.987002,1,1
0.530149,0.841696,-1.28337,-0.130779,1.28696,1.00605,1,0.67
0.477129,0.861294,-0.635202,-0.0425512,0.84219,0.951778,1,1
0.292703,0.748604,0.0466399,0.0832427,0.156209,1.00721,1,1
1.1775,0.115314,-0.124749,0.46583,1.38366,0.692041,1,0.67
1.3041,0.105257,-1.8036,-0.164933,2.00116,0.238211,1,0.67
0.625678,0.255012,-1.90453,-0.431487,1.90895,0.445821,1,0.67
0.693944,0.25375,-0.908545,-0.432352,1.42442,0.456463,1,0.67
0.691756,0.192462,-0.454737,-0.145891,1.10492,0.222501,1,0.67
0.261241,0.247856,0.190891,-0.129571,0.353109,0.240946,0,1
0.162387,0.234074,-0.662045,-0.176376,0.662484,0.261947,1,0.67
0.582848,0.11759,-1.0052,-0.243671,1.19686,0.310502,1,0.67
1.24839,0.589172,-0.328815,-0.402687,2.10965,0.544316,0,1
1.17754,0.740143,1.14432,0.307432,1.78673,0.668205,0,1
0.200046,0.78175,0.967169,0.635621,1.03812,1.00327,0,0.67
0.384082,0.835395,-0.150377,0.717754,0.34643,1.04455,1,1
0.460867,0.817378,-0.550884,0.490821,0.554501,0.959957,1,1
0.526957,0.940675,-0.849167,0.564659,1.15844,0.98764,1,0.67
0.510086,0.906868,-0.0972414,0.58695,0.857461,0.976025,1,1
0.336088,0.747011,0.110145,0.684791,0.193359,1.03017,1,1
0.894581,0.268231,-1.19549,0.543596,1.46747,0.562489,1,0.67
0.912265,0.231089,-1.83959,0.0342238,1.87175,0.184035,1,0.67
0.769401,0.348514,-1.32533,-0.369285,1.78745,0.391004,1,0.67
0.892555,0.291737,0.0766806,-0.382749,1.43896,0.423716,0,1
0.827824,0.211336,0.267723,-0.229949,1.12006,0.231438,0,1
0.380109,0.161442,0.277128,-0.262337,0.329793,0.265263,0,1
0.288952,0.14012,-0.495722,-0.267275,0.627299,0.275485,1,0.67
0.789554,0.169637,-0.305588,-0.277772,1.14808,0.278714,1,0.67
1.06121,0.472113,1.30765,0.0466636,2.18294,0.521625,0,1
0.835402,0.499019,1.59948,0.53578,1.6661,0.624985,0,1
0.121418,0.535866,0.911282,0.944748,0.944147,0.97433,1,1
0.306745,0.626793,-0.339206,1.00796,0.370143,1.01495,1,1
0.422514,0.616072,-0.438684,0.918016,0.515605,0.9695,1,1
0.586214,0.722454,-0.109235,0.984514,1.14882,1.01891,1,0.67
0.564505,0.682659,0.449684,0.938961,0.887285,0.973116,1,1
0.302611,0.562552,0.118519,0.9857,0.152551,1.00487,1,1
0.823884,0.316481,-1.66857,0.412598,1.66992,0.497502,1,0.67
1.05877,0.394826,-1.04235,0.217838,1.75749,0.245699,1,0.67
0.952268,0.496968,-0.155183,-0.139906,1.74776,0.335742,1,0.67
0.859008,0.403617,0.924716,-0.203036,1.44018,0.4589,0,1
0.759376,0.291191,0.913916,-0.183294,1.12314,0.228038,0,1
0.331687,0.186952,0.244383,-0.270892,0.245588,0.306842,0,0.67
0.332982,0.174461,-0.090807,-0.214723,0.56961,0.240419,0,1
0.752893,0.217399,0.496851,-0.203271,1.1635,0.25315,0,1
0.77207,0.259518,2.32565,0.470439,2.40185,0.646738,0,1
0.718706,0.316498,1.37504,0.542535,1.53288,0.549913,0,1
0.233524,0.428325,0.504121,0.862142,0.932932,0.946953,1,1
0.233374,0.448762,-0.369341,0.867614,0.376902,1.03696,1,1
0.367661,0.393719,-0.184245,0.91106,0.525553,0.974354,1,1
0.610342,0.431965,0.648279,0.938881,1.14881,1.0275,1,0.67
0.530419,0.409984,0.812581,0.877958,0.870421,0.956517,1,0.67
0.286745,0.367883,0.11895,0.862907,0.11896,0.978844,1,1
1.03692,0.199562,-1.39987,0.0910854,1.69109,0.577869,1,0.67
1.39769,0.384825,0.167827,0.286137,1.83883,0.28661,1,0.67
0.97101,0.526213,1.05521,0.126938,1.80509,0.365047,0,1
0.660491,0.447589,1.42512,0.103427,1.44985,0.473039,0,1
0.568562,0.303883,1.18313,-0.0413533,1.18423,0.246997,0,1
0.212547,0.229273,0.14281,-0.131665,0.255014,0.303867,0,0.67
0.282504,0.233339,0.294418,-0.0981556,0.579985,0.235869,0,1
0.588693,0.235422,1.05076,-0.0441457,1.16507,0.255429,0,1
0.854103,0.309693,2.34412,0.699558,2.48328,0.718208,0,1
1.05698,0.579137,0.589729,0.331243,1.5992,0.566912,0,1
0.334486,0.716069,-0.18243,0.363125,0.945047,0.936915,1,0.67
0.271911,0.685152,-0.256152,0.313869,0.371876,1.05823,1,1
0.477975,0.59054,0.15154,0.488776,0.516871,0.987854,1,1
0.600778,0.624668,1.18502,0.50643,1.24466,1.0341,0,0.67
0.456608,0.646339,0.845093,0.441659,0.879823,0.956478,0,0.67
0.23887,0.621324,0.0631536,0.353711,0.106279,0.97923,1,1
1.16975,0.0777909,-0.591143,-0.306393,1.53833,0.697397,1,0.67
1.46596,0.233878,1.32879,0.237154,1.9578,0.275268,0,1
0.749351,0.371455,1.80145,0.359207,1.8854,0.422787,0,1
0.545408,0.329857,1.29116,0.367696,1.45062,0.480337,0,1
0.585032,0.225669,0.838603,0.0890012,1.12193,0.246583,0,1
0.255521,0.246655,-0.0821069,0.0347024,0.323783,0.261636,1,0.67
0.204689,0.268027,0.539106,0.0671651,0.563764,0.226867,0,0.67
0.470795,0.17509,1.23365,0.173636,1.2608,0.296883,0,1
1.17138,0.538034,1.3169,0.615277,2.27898,0.645832,0,1
1.28461,0.796695,-0.51875,-0.060321,1.71306,0.636094,1,0.67
0.307863,0.859717,-0.812256,-0.314627,1.06863,1.00234,1,0.67
0.381568,0.858944,0.0094979,-0.370565,0.347,1.06423,0,0.67
0.523607,0.804245,0.459484,-0.149156,0.530197,0.995571,0,0.67
0.533054,0.919916,1.21857,-0.151059,1.2762,0.991559,0,0.67
0.49415,0.923408,0.445084,-0.222408,0.827493,0.965435,0,0.67
0.316481,0.796652,-0.0476758,-0.336836,0.145688,1.01857,0,0.67
1.07759,0.191155,0.533182,-0.54581,1.3544,0.672938,0,1
1.12427,0.0792246,1.95635,0.108286,1.99616,0.218388,0,1
0.633473,0.247524,1.75287,0.429373,1.85276,0.429568,0,1
0.835773,0.250369,0.537607,0.446227,1.40801,0.446344,0,1
0.787601,0.188211,0.089841,0.1662,1.11655,0.198893,1,0.67
0.332843,0.19278,-0.219661,0.207657,0.340958,0.248531,1,0.67
0.176928,0.176982,0.565714,0.202833,0.599659,0.239227,0,0.67
0.687976,0.124656,0.818991,0.297038,1.21042,0.323335,0,1
1.2521,0.598322,-0.375634,0.213046,2.12541,0.514269,1,0.67
1.08512,0.695267,-1.39222,-0.427722,1.74198,0.668627,1,0.67
0.165236,0.71508,-1.04189,-0.835014,1.05005,1.03088,1,0.67
0.359199,0.787298,0.276717,-0.883768,0.380006,1.03087,0,0.67
0.446279,0.784879,0.542571,-0.723078,0.548151,0.979887,0,0.67
0.593383,0.914872,0.657605,-0.772772,1.17199,0.991908,0,0.67
0.561308,0.877398,-0.183454,-0.804135,0.877334,1.01383,0,0.67
0.327589,0.703439,-0.0948384,-0.851778,0.162614,1.02589,0,0.67
0.811386,0.296514,1.42704,-0.544711,1.51628,0.545003,0,1
0.892808,0.307011,1.65679,-0.0976803,1.84986,0.189896,0,1
0.853609,0.424021,0.870998,0.275404,1.73507,0.351398,0,1
0.904663,0.340502,-0.444119,0.324308,1.43974,0.436439,1,0.67
0.806811,0.231057,-0.630335,0.193662,1.15865,0.200603,1,0.67
0.357233,0.144831,-0.264094,0.292525,0.281225,0.294858,1,0.67
0.338733,0.133159,0.335366,0.246195,0.607907,0.246343,0,1
0.831256,0.206667,-0.0152981,0.257786,1.14355,0.261578,1,0.67
0.939253,0.392037,-1.87221,-0.270774,2.32483,0.586512,1,0.67
0.715063,0.376552,-1.60451,-0.587815,1.60456,0.607974,1,0.67
0.146369,0.430387,-0.771963,-0.965485,0.910797,0.965797,0,0.67
0.28889,0.503214,0.394295,-1.01089,0.396579,1.0259,0,0.67
0.414783,0.487803,0.360416,-0.984534,0.543695,0.985467,0,0.67
0.598428,0.58104,-0.212737,-1.04312,1.16712,1.04317,0,1
0.520635,0.538852,-0.633094,-0.981682,0.891409,0.98169,0,0.67
0.273869,0.44814,-0.110893,-0.994432,0.124333,0.997611,0,0.67
0.893556,0.282796,1.67995,-0.29318,1.73415,0.511486,0,1
1.23454,0.428685,0.583936,-0.274535,1.7716,0.281534,0,1
0.997049,0.532659,-0.370114,0.0182128,1.75749,0.3352,1,0.67
0.786903,0.431848,-1.23097,0.0648489,1.47666,0.464027,1,0.67
0.688034,0.298712,-1.07697,0.138351,1.14881,0.230677,1,0.67
0.290092,0.20746,-0.242718,0.224832,0.270729,0.298555,1,0.67
0.363376,0.205221,-0.0798385,0.169175,0.582422,0.223298,1,0.67
0.721015,0.228533,-0.818638,0.125067,1.20492,0.233186,1,0.67
0.772045,0.237408,-2.47206,-0.586561,2.47214,0.671403,1,0.67
0.820469,0.398771,-1.12815,-0.472395,1.5379,0.54494,1,0.67
0.246339,0.521669,-0.208511,-0.67895,0.915523,0.931238,0,0.67
0.265766,0.505495,0.29946,-0.691419,0.344886,1.05576,0,0.67
0.437215,0.434746,0.0184951,-0.795578,0.532166,0.994664,0,0.67
0.614616,0.461856,-0.93606,-0.826966,1.21557,1.05499,1,0.67
0.488398,0.459545,-0.859891,-0.747066,0.864754,0.971299,1,0.67
0.260567,0.441762,-0.0996457,-0.699636,0.105033,0.983356,0,0.67
1.106,0.130361,1.13233,0.0653753,1.64415,0.635042,0,1
1.44272,0.3228,-0.707818,-0.310222,1.91076,0.318281,1,0.67
0.868834,0.459243,-1.4143,-0.228438,1.82945,0.379238,1,0.67
0.567758,0.401625,-1.44749,-0.221844,1.45178,0.472021,1,0.67
0.532394,0.278219,-1.09321,-0.00886967,1.15382,0.24574,1,0.67
0.223582,0.24044,-0.0959675,0.0623555,0.286198,0.286092,1,0.67
0.251298,0.232354,-0.440444,0.0325816,0.58588,0.223249,1,0.67
0.518669,0.184385,-1.19318,-0.0385859,1.21131,0.252951,1,0.67
1.03068,0.438622,-2.0244,-0.685256,2.42882,0.685257,1,0.67
1.21305,0.709643,-0.141321,-0.163584,1.64611,0.585359,0,1
0.380767,0.828369,0.4462,-0.0963622,0.993435,0.956672,0,0.67
0.268551,0.826863,0.145369,-0.0377676,0.347431,1.07014,0,0.67
0.457121,0.735775,-0.261784,-0.236493,0.496045,1.00265,1,1
0.56193,0.777627,-1.22652,-0.237535,1.22769,1.03115,1,0.67
0.44759,0.789124,-0.718628,-0.184363,0.854905,0.966953,1,1
0.272548,0.719774,-0.00135059,-0.0747151,0.136736,0.999524,0,0.67
1.15072,0.12098,0.121158,0.4168,1.41183,0.702524,1,0.67
1.34884,0.138869,-1.64194,-0.185593,1.94745,0.257821,1,0.67
0.655494,0.28457,-1.87927,-0.401535,1.88013,0.423675,1,0.67
0.62156,0.27824,-1.08096,-0.427755,1.47176,0.471782,1,0.67
0.681755,0.198613,-0.614968,-0.146298,1.13885,0.243804,1,0.67
0.320499,0.229661,0.140047,-0.100438,0.362205,0.24574,0,1
0.169858,0.244412,-0.579837,-0.120358,0.579926,0.235585,1,0.67
0.49729,0.142746,-1.08219,-0.207391,1.21579,0.290456,1,0.67
1.19324,0.547785,-0.684851,-0.486942,2.18876,0.578021,1,0.67
1.2435,0.766252,0.90632,0.220237,1.74261,0.640532,0,1
0.262844,0.831828,0.942084,0.546645,1.06379,1.01162,0,0.67
0.383588,0.856119,-0.0842692,0.630257,0.318222,1.06652,1,1
0.516374,0.809161,-0.511522,0.40331,0.528885,0.992044,1,1
0.509792,0.941735,-1.01842,0.434726,1.22325,0.991954,1,0.67
0.511793,0.945259,-0.238623,0.46715,0.841706,0.975053,1,1
0.317668,0.801876,0.108783,0.590789,0.195821,1.04326,1,1
0.947006,0.251414,-0.944034,0.576535,1.36092,0.626203,1,0.67
0.970761,0.154196,-1.88772,-0.00558774,1.89127,0.204258,1,0.67
0.682669,0.288374,-1.50468,-0.402371,1.82587,0.411586,1,0.67
0.894796,0.27713,-0.147246,-0.424967,1.43553,0.440711,0,1
0.864938,0.213031,0.173803,-0.209187,1.14136,0.21573,0,1
0.37546,0.166698,0.325696,-0.23087,0.400604,0.23935,0,1
0.240009,0.149693,-0.522792,-0.260381,0.626258,0.274197,1,0.67
0.780611,0.157578,-0.484847,-0.301938,1.17822,0.308359,1,0.67
1.1887,0.545316,1.00153,-0.0539765,2.15558,0.508293,0,1
0.962189,0.586143,1.61471,0.528725,1.75625,0.656887,0,1
0.126161,0.589648,1.01365,0.933433,1.01995,1.00494,0,0.67
0.339647,0.66326,-0.308578,0.997672,0.351931,1.03461,1,1
0.4237,0.670606,-0.549143,0.849311,0.58832,0.950587,1,1
0.61014,0.807862,-0.285161,0.941493,1.15381,1.02007,1,0.67
0.584696,0.770243,0.362172,0.918442,0.884357,0.99436,1,1
0.307416,0.60832,0.164179,0.990213,0.193606,1.04332,1,1
0.779489,0.312213,-1.6489,0.457047,1.65494,0.497553,1,0.67
0.990516,0.388714,-1.25993,0.191695,1.76472,0.236049,1,0.67
0.968408,0.507627,-0.419457,-0.195872,1.72784,0.337646,1,0.67
0.911063,0.406882,0.870036,-0.211467,1.49771,0.444525,0,1
0.762366,0.259873,0.869203,-0.185186,1.16843,0.220297,0,1
0.312671,0.148269,0.302829,-0.278263,0.304055,0.303721,0,1
0.330269,0.154232,-0.214277,-0.262921,0.598688,0.272208,0,1
0.806779,0.22708,0.389773,-0.222263,1.17143,0.256121,0,1
0.819217,0.294959,2.24255,0.411099,2.40572,0.629654,0,1
0.713395,0.314828,1.52811,0.577933,1.5934,0.577974,0,1
0.245408,0.415841,0.573574,0.886422,0.912976,0.928955,1,1
0.246137,0.440679,-0.364799,0.931313,0.366929,1.02855,1,1
0.404864,0.399975,-0.241578,0.948559,0.523819,0.974979,1,0.67
0.61595,0.465778,0.569906,1.02798,1.19949,1.06696,1,0.67
0.494316,0.442764,0.799214,0.947966,0.904878,0.98381,1,0.67
0.23536,0.388153,0.103713,0.928232,0.104712,0.990319,1,1
0.990608,0.234811,-1.56493,0.148778,1.7576,0.559561,1,0.67
1.37341,0.425612,-0.0416516,0.316668,1.8071,0.317134,1,0.67
0.977718,0.535986,0.879742,0.104352,1.8125,0.367853,0,1
0.699228,0.429916,1.42213,0.056587,1.49474,0.478035,0,1
0.603237,0.300983,1.14708,-0.089617,1.15015,0.24498,0,1
0.252436,0.251378,0.172605,-0.185981,0.26504,0.315598,0,0.67
0.356525,0.261846,0.260776,-0.116909,0.586986,0.237132,0,1
0.654477,0.242266,1.07484,-0.0461845,1.25387,0.252381,0,1
0.847874,0.296597,2.45495,0.679485,2.51574,0.715021,0,1
1.00205,0.533136,0.760641,0.373589,1.56712,0.554361,0,1
0.315585,0.650839,-0.0518216,0.479916,0.941299,0.930955,1,0.67
0.249438,0.630592,-0.239394,0.465086,0.338063,1.06263,1,1
0.433831,0.562125,0.124941,0.618505,0.531909,1.00327,1,1
0.57687,0.595747,1.12454,0.631307,1.23395,1.05604,0,0.67
0.457101,0.592413,0.817164,0.540673,0.829106,0.968152,0,0.67
0.27691,0.545647,0.0695244,0.477867,0.120113,0.991728,1,1
1.18613,0.0824074,-0.736687,-0.19868,1.56663,0.671512,1,0.67
1.44048,0.254298,1.18851,0.297407,1.96243,0.321267,0,1
0.768029,0.382538,1.71852,0.328637,1.882,0.414206,0,1
0.554376,0.346011,1.35968,0.318262,1.45587,0.469421,0,1
0.560428,0.242644,0.944795,0.0720366,1.14477,0.25007,0,1
0.266942,0.24167,0.0178952,0.0229529,0.319625,0.28141,1,0.67
0.210617,0.239071,0.540171,0.0426912,0.593783,0.236156,0,0.67
0.498728,0.163785,1.24576,0.136152,1.25153,0.283052,0,1
1.13551,0.505063,1.53534,0.625086,2.33231,0.640617,0,1
1.24011,0.75109,-0.28972,0.0224203,1.72354,0.625298,1,0.67
0.32458,0.859771,-0.666264,-0.158928,1.01377,0.979877,1,0.67
0.324098,0.87885,-0.0181613,-0.224804,0.33127,1.07232,0,0.67
0.485473,0.810239,0.383143,-0.0300253,0.503315,1.00818,0,0.67
0.539631,0.8845,1.21376,-0.0316301,1.2415,1.0257,0,0.67
0.451675,0.885664,0.538635,-0.0820006,0.841224,0.976552,0,0.67
0.301229,0.78807,-0.00814705,-0.18516,0.143483,1.01408,0,0.67
1.07726,0.199456,0.33747,-0.498797,1.35952,0.680451,0,1
1.18348,0.0739922,1.85673,0.126398,1.95248,0.241931,0,1
0.608202,0.234401,1.79788,0.410052,1.84723,0.411655,0,1
0.716208,0.244564,0.723965,0.455844,1.4446,0.460887,0,1
0.762214,0.186285,0.313031,0.195432,1.14147,0.244007,0,1
0.372084,0.201176,-0.216345,0.178101,0.377629,0.246537,1,0.67
0.186228,0.198926,0.578863,0.183528,0.602112,0.2379,0,0.67
0.604926,0.118405,0.89155,0.26457,1.22702,0.300423,0,1
1.22472,0.578478,0.0125043,0.326807,2.14777,0.537408,1,0.67
1.18027,0.747572,-1.2279,-0.352781,1.74194,0.655653,1,0.67
0.237241,0.788251,-1.02468,-0.752006,1.05855,1.02766,1,0.67
0.364746,0.833271,0.19305,-0.833006,0.315305,1.06909,0,0.67
0.460442,0.804198,0.544194,-0.631029,0.545075,0.992203,0,0.67
0.544289,0.934627,0.788155,-0.675083,1.19744,0.998655,0,0.67
0.570246,0.922277,0.0229399,-0.686831,0.853327,0.984534,0,0.67
0.331737,0.771593,-0.119817,-0.800006,0.180934,1.05437,0,0.67
0.850855,0.301754,1.29663,-0.569484,1.46206,0.57498,0,1
0.887451,0.263234,1.74077,-0.0795214,1.84278,0.20765,0,1
0.810292,0.390617,1.14474,0.335896,1.78642,0.379731,0,1
0.968318,0.350649,-0.260253,0.364563,1.43846,0.437241,1,0.67
0.880651,0.259197,-0.513145,0.20195,1.16955,0.20409,1,0.67
0.358616,0.149495,-0.32972,0.258426,0.36233,0.259197,1,0.67
0.27914,0.125589,0.388483,0.256204,0.613948,0.256777,0,1
0.81663,0.186533,0.17034,0.288091,1.1733,0.288633,1,0.67
1.03853,0.459357,-1.60132,-0.162937,2.25372,0.549028,1,0.67
0.778113,0.446834,-1.66367,-0.593512,1.68038,0.639969,1,0.67
0.143578,0.469191,-0.916349,-0.992408,0.982264,0.998864,0,0.67
0.302277,0.552066,0.383269,-1.0287,0.392072,1.02909,0,0.67
0.408386,0.554853,0.454567,-0.954613,0.573532,0.969219,0,0.67
0.642239,0.675211,-0.0168975,-1.02845,1.14696,1.03498,0,0.67
0.573863,0.624213,-0.592532,-1.00659,0.914085,1.01446,0,0.67
0.28053,0.4949,-0.142313,-1.02931,0.16239,1.03107,0,0.67
0.800416,0.27947,1.6874,-0.367577,1.70537,0.502507,0,1
1.12179,0.410257,0.856544,-0.241636,1.77344,0.257666,0,1
1.01117,0.54715,-0.106779,0.071841,1.73423,0.332364,1,0.67
0.844847,0.440372,-1.14577,0.110516,1.49044,0.45942,1,0.67
0.711358,0.284694,-1.07941,0.137017,1.20038,0.225402,1,0.67
0.314553,0.184879,-0.251254,0.261637,0.260002,0.314636,1,0.67
0.395861,0.207919,-0.00383432,0.206909,0.57657,0.241806,1,0.67
0.81901,0.266398,-0.700743,0.166084,1.2013,0.237613,1,0.67
0.767399,0.240927,-2.52233,-0.577816,2.54185,0.696211,1,0.67
0.795964,0.36825,-1.29497,-0.524554,1.55507,0.558118,1,0.67
0.276158,0.49259,-0.35583,-0.764061,0.899133,0.928204,0,0.67
0.25489,0.469993,0.358587,-0.768806,0.388436,1.0433,0,0.67
0.469675,0.389167,0.101862,-0.869718,0.54635,1.00081,0,0.67
0.651375,0.429392,-0.840618,-0.924309,1.2301,1.07625,0,1
0.483334,0.435493,-0.863607,-0.848309,0.889436,0.989592,1,0.67
0.250894,0.408966,-0.0570108,-0.781521,0.0643849,0.985307,0,0.67
1.10836,0.187173,1.30106,-0.0155633,1.6847,0.61285,0,1
1.47936,0.390956,-0.467292,-0.323893,1.86406,0.32732,1,0.67
0.921075,0.504256,-1.30425,-0.219006,1.84792,0.39387,1,0.67
0.59076,0.410133,-1.47933,-0.17611,1.48079,0.485484,1,0.67
0.550359,0.27723,-1.13394,0.0266981,1.16064,0.248881,1,0.67
0.220884,0.257119,-0.0951728,0.122051,0.29145,0.300623,1,1
0.29871,0.265384,-0.416804,0.0569978,0.584634,0.230384,1,0.67
0.556762,0.207518,-1.22101,-0.0203071,1.26906,0.263519,1,0.67
0.997899,0.398528,-2.23102,-0.691928,2.50088,0.696109,1,0.67
1.14821,0.653143,-0.327736,-0.216519,1.62971,0.56975,1,0.67
0.326741,0.757429,0.315076,-0.219629,0.989077,0.948857,0,0.67
0.286602,0.751477,0.148458,-0.191645,0.335506,1.07093,0,0.67
0.465359,0.687939,-0.290827,-0.384138,0.539491,1.00987,0,0.67
0.556595,0.747495,-1.23929,-0.381996,1.25721,1.04758,1,0.67
0.446357,0.746634,-0.758385,-0.299645,0.846362,0.974727,1,1
0.291847,0.669056,-0.0050342,-0.208739,0.111881,1.00345,0,0.67
1.17232,0.0894138,0.278256,0.328288,1.44021,0.680285,1,0.67
1.35474,0.161848,-1.54107,-0.239981,1.98743,0.284677,1,0.67
0.680155,0.305477,-1.85878,-0.383374,1.88097,0.422006,1,0.67
0.598522,0.297203,-1.1437,-0.384203,1.43254,0.458669,1,0.67
0.633822,0.220398,-0.746597,-0.134655,1.15611,0.261498,1,0.67
0.321543,0.235557,0.0922308,-0.077043,0.35806,0.268019,0,1
0.193605,0.224936,-0.620213,-0.109553,0.623814,0.246281,1,0.67
0.54444,0.133633,-1.1455,-0.179492,1.22817,0.291044,1,0.67
1.23262,0.563053,-0.958245,-0.524902,2.25476,0.58898,1,0.67
1.26201,0.773012,0.744706,0.155877,1.75599,0.636803,0,1
0.308334,0.862397,0.838086,0.411342,1.0375,0.989654,0,0.67
0.320769,0.905391,-0.0819263,0.500821,0.327908,1.05753,1,1
0.465683,0.856797,-0.492061,0.292525,0.522209,1.00271,1,1
0.533822,0.951913,-1.06885,0.330231,1.2058,1.01516,1,0.67
0.485875,0.936706,-0.344364,0.349231,0.852731,0.977458,1,1
0.315668,0.8189,0.0568074,0.461974,0.165653,1.02831,1,1
0.970184,0.263122,-0.801233,0.54922,1.37394,0.63586,1,0.67
1.00788,0.15637,-1.88967,-0.0382767,1.8937,0.215747,1,0.67
0.66394,0.268917,-1.59899,-0.394783,1.81748,0.398106,1,0.67
0.855342,0.257427,-0.355116,-0.452963,1.446,0.455943,0,1
0.868666,0.207006,0.0111996,-0.218159,1.14351,0.236006,0,1
0.429337,0.171724,0.27501,-0.230226,0.382395,0.255092,0,1
0.241838,0.164528,-0.486752,-0.21342,0.577222,0.240506,1,0.67
0.708065,0.127155,-0.623421,-0.299944,1.20129,0.315399,1,0.67
1.18133,0.536214,0.714591,-0.136672,2.15197,0.503694,0,1
1.02119,0.628487,1.46713,0.456658,1.71458,0.634614,0,1
0.165904,0.658048,1.03534,0.888849,1.03538,1.01106,0,0.67
0.346489,0.730032,-0.271953,0.965228,0.338022,1.04719,1,1
0.427333,0.71066,-0.488398,0.818422,0.520351,0.98495,1,1
0.559579,0.842827,-0.494655,0.856152,1.16715,0.990256,1,0.67
0.584806,0.826487,0.252827,0.861583,0.87296,0.992145,1,1
0.314405,0.676421,0.141838,0.940635,0.189137,1.04189,1,1
0.786868,0.31328,-1.50884,0.528723,1.53883,0.538309,1,0.67
0.906328,0.345062,-1.44683,0.149281,1.7902,0.216448,1,0.67
0.912759,0.462578,-0.631496,-0.236569,1.74948,0.344927,1,0.67
0.958768,0.39393,0.634201,-0.304636,1.44606,0.45262,0,1
0.839309,0.284607,0.797633,-0.190607,1.18959,0.213273,0,1
0.351938,0.154128,0.340253,-0.276935,0.348617,0.292421,0,1
0.302827,0.131439,-0.205271,-0.252276,0.591389,0.257181,0,1
0.818446,0.203711,0.193433,-0.275733,1.16694,0.288685,0,1
0.903645,0.349495,2.08772,0.326272,2.36684,0.598379,0,1
0.708044,0.336288,1.61587,0.583901,1.63216,0.588508,0,1
0.2031,0.409571,0.759412,0.953691,0.952029,0.964891,1,1
0.247392,0.467736,-0.370732,0.981768,0.370803,1.03137,1,1
0.389934,0.433353,-0.309746,0.966686,0.541898,0.972413,1,1
0.6364,0.520672,0.382386,1.03141,1.16497,1.04485,1,0.67
0.557889,0.488217,0.750266,0.987138,0.917268,0.99738,1,0.67
0.247998,0.408396,0.17078,0.997113,0.17497,1.02068,1,1
0.901053,0.244748,-1.61132,0.224415,1.73681,0.533196,1,0.67
1.30373,0.427417,-0.320826,0.281405,1.78957,0.283979,1,0.67
1.02467,0.561915,0.65768,0.0391975,1.78422,0.350133,0,1
0.754612,0.453096,1.38273,0.00816097,1.5191,0.482408,0,1
0.618244,0.29152,1.16089,-0.0955582,1.18488,0.251884,0,1
0.256099,0.203441,0.225219,-0.205129,0.268187,0.320845,0,0.67
0.32692,0.21915,0.159918,-0.170409,0.569307,0.25402,0,1
0.709964,0.255014,0.948308,-0.105852,1.21124,0.253128,0,1
0.797211,0.251339,2.53872,0.660347,2.55593,0.721436,0,1
0.960597,0.484188,1.00428,0.449164,1.59556,0.559182,0,1
0.323773,0.609546,0.06127,0.562865,0.93492,0.918541,1,0.67
0.261815,0.569136,-0.282594,0.570466,0.345489,1.06269,1,1
0.480847,0.472186,0.0354919,0.698196,0.506811,1.00126,1,0.67
0.643749,0.497739,1.08125,0.747192,1.25611,1.06749,0,1
0.470413,0.525902,0.904927,0.670559,0.905586,0.978377,0,0.67
0.250203,0.500613,0.0673606,0.580114,0.105424,0.983762,1,1
1.1886,0.109936,-0.97155,-0.158329,1.62316,0.66386,1,0.67
1.52258,0.334665,0.977609,0.308621,1.92788,0.322523,0,1
0.845584,0.449592,1.64387,0.303624,1.89078,0.417221,0,1
0.547152,0.373465,1.45217,0.292152,1.49304,0.493299,0,1
0.546794,0.265565,1.00851,0.0314015,1.14342,0.254111,0,1
0.228241,0.27318,0.0320045,-0.0264931,0.332904,0.289198,0,0.67
0.250651,0.276147,0.531981,0.0196165,0.600999,0.241144,0,0.67
0.503332,0.188734,1.30062,0.118794,1.30063,0.292776,0,1
1.13207,0.49222,1.8118,0.679481,2.41083,0.682648,0,1
1.27366,0.753911,-0.102517,0.0843015,1.71509,0.612988,1,0.67
0.324763,0.833876,-0.588083,-0.0474311,1.04123,0.978434,1,0.67
0.344945,0.828701,-0.0392498,-0.0911448,0.305859,1.07596,0,0.67
0.482696,0.777249,0.410518,0.123883,0.546291,1.00755,0,0.67
0.544899,0.869856,1.28191,0.109865,1.28683,1.02731,0,0.67
0.463131,0.858335,0.594647,0.0259707,0.84094,0.974396,0,0.67
0.316237,0.748842,-0.0121462,-0.0681017,0.159045,1.01616,0,0.67
1.14752,0.140094,0.143771,-0.462286,1.38356,0.690437,0,1
1.25053,0.0872485,1.84294,0.190633,2.01284,0.267141,0,1
0.626448,0.24548,1.87257,0.416528,1.88298,0.427216,0,1
0.725744,0.254123,0.847689,0.435215,1.44215,0.454577,0,1
0.727397,0.193135,0.433238,0.164121,1.15273,0.236908,0,1
0.34948,0.217328,-0.158689,0.169266,0.379649,0.262028,1,0.67
0.208493,0.195758,0.626837,0.176741,0.634498,0.254553,0,1
0.646032,0.11841,0.992328,0.249641,1.23664,0.305095,0,1
1.27466,0.596856,0.260287,0.375476,2.19222,0.544725,1,0.67
1.19828,0.753154,-1.09687,-0.304133,1.78927,0.670419,1,0.67
0.243157,0.809247,-0.971333,-0.651015,1.04834,1.01762,1,0.67
0.356568,0.872914,0.210852,-0.720977,0.342002,1.05411,0,0.67
0.451347,0.852612,0.524342,-0.543985,0.524945,1.00218,0,0.67
0.548077,0.962226,0.882535,-0.588035,1.20954,1.0135,0,0.67
0.536257,0.932213,0.113155,-0.600364,0.872855,0.99286,0,0.67
0.321387,0.787162,-0.0813913,-0.688957,0.170653,1.03299,0,0.67
0.877715,0.31078,1.19732,-0.559605,1.45915,0.578451,0,1
0.903399,0.261075,1.79646,-0.0469712,1.83956,0.20647,0,1
0.777814,0.358504,1.27347,0.35213,1.78632,0.380735,0,1
0.912345,0.300514,-0.0997732,0.392155,1.4563,0.434935,1,0.67
0.864123,0.229616,-0.33171,0.233338,1.13954,0.233623,1,0.67
0.425449,0.155475,-0.325834,0.264923,0.382477,0.265756,1,0.67
0.322743,0.132088,0.416086,0.255073,0.60625,0.258634,0,1
0.81463,0.170801,0.230785,0.264737,1.18651,0.264874,1,0.67
1.08215,0.485289,-1.35276,-0.062278,2.22118,0.533003,1,0.67
0.865941,0.508634,-1.64238,-0.562041,1.70828,0.641218,1,0.67
0.13076,0.543632,-0.92891,-0.965311,0.960033,0.991552,0,0.67
0.30179,0.631076,0.289603,-1.05646,0.304712,1.06324,0,0.67
0.414122,0.620517,0.452807,-0.943799,0.553894,0.990034,0,0.67
0.605745,0.735189,0.101547,-1.01135,1.17663,1.04245,0,0.67
0.592223,0.710916,-0.420831,-0.950098,0.856559,0.981703,0,0.67
0.31121,0.570916,-0.175948,-1.03203,0.203645,1.05044,0,0.67
0.809178,0.314379,1.66393,-0.425505,1.66635,0.504923,0,1
1.03403,0.389234,0.989989,-0.242345,1.74515,0.273092,0,1
0.956138,0.51647,0.150067,0.149616,1.72175,0.340696,0,1
0.897887,0.437061,-1.00729,0.177616,1.47896,0.45698,1,0.67
0.78575,0.310991,-0.980339,0.181148,1.17306,0.236614,1,0.67
0.340222,0.178876,-0.385964,0.237657,0.386705,0.290379,1,0.67
0.32862,0.15616,0.0514926,0.226914,0.571657,0.247606,1,0.67
0.790704,0.216221,-0.587638,0.194433,1.20153,0.244428,1,0.67
0.815754,0.263698,-2.3985,-0.480363,2.46203,0.636571,1,0.67
0.735008,0.324352,-1.47721,-0.573798,1.61848,0.583649,1,0.67
0.246941,0.449078,-0.507446,-0.848719,0.90936,0.948663,0,0.67
0.213589,0.464802,0.309756,-0.88086,0.329894,1.05771,0,0.67
0.400398,0.401306,0.187015,-0.903385,0.546071,0.983833,0,0.67
0.652396,0.436444,-0.713635,-0.975176,1.22111,1.06938,0,1
0.532995,0.422338,-0.84137,-0.905043,0.897675,0.991209,0,0.67
0.243358,0.390803,-0.138982,-0.893511,0.139266,1.01296,0,0.67
0.995018,0.19052,1.42473,-0.0805271,1.717,0.582834,0,1
1.40519,0.396341,-0.188372,-0.294704,1.83581,0.295086,0,1
0.981022,0.548416,-1.07038,-0.140673,1.78072,0.365041,1,0.67
0.645282,0.452471,-1.50237,-0.138874,1.52145,0.495975,1,0.67
0.558629,0.282038,-1.1979,0.0368056,1.20155,0.254422,1,0.67
0.254661,0.222348,-0.173722,0.144341,0.317479,0.31017,1,0.67
0.306037,0.240281,-0.328173,0.115142,0.544305,0.236152,1,0.67
0.628106,0.234269,-1.16188,0.0351809,1.24775,0.246809,1,0.67
0.901096,0.332299,-2.40663,-0.704007,2.56534,0.718254,1,0.67
1.11251,0.618112,-0.622369,-0.313014,1.63614,0.570482,1,0.67
0.370657,0.754841,0.164925,-0.336765,0.946415,0.943526,0,0.67
0.27302,0.710509,0.207318,-0.296007,0.340912,1.07473,0,0.67
0.50888,0.603186,-0.198362,-0.477009,0.524001,1.00713,0,0.67
0.61573,0.648773,-1.24761,-0.519347,1.30135,1.05998,1,0.67
0.448805,0.679593,-0.83513,-0.440653,0.870299,0.9786,1,1
0.253381,0.628573,-0.0277702,-0.334682,0.106203,0.996916,0,0.67
1.19877,0.0730768,0.540262,0.294619,1.50137,0.696105,0,1
1.47258,0.243491,-1.3735,-0.256367,1.96049,0.293898,1,0.67
0.744089,0.366083,-1.85224,-0.376746,1.92108,0.436805,1,0.67
0.570532,0.320351,-1.29611,-0.380277,1.47864,0.487761,1,0.67
0.621249,0.222877,-0.820875,-0.0920964,1.15005,0.252423,1,0.67
0.274527,0.262776,0.0777967,-0.0300468,0.385844,0.266748,0,1
0.203656,0.272114,-0.586657,-0.0702731,0.600155,0.240308,1,0.67
0.509013,0.155474,-1.26715,-0.172515,1.30701,0.304211,1,0.67
1.23768,0.560583,-1.28801,-0.593572,2.32854,0.626595,1,0.67
1.30302,0.796851,0.545213,0.0969381,1.77017,0.638647,0,1
0.304124,0.859895,0.801677,0.33162,1.07825,1.00628,0,0.67
0.373537,0.867285,-0.0538214,0.387109,0.30126,1.07295,1,1
0.49706,0.825289,-0.523191,0.149363,0.574097,0.995824,1,1
0.539759,0.954039,-1.19478,0.182728,1.26717,1.00952,1,0.67
0.4982,0.939034,-0.423325,0.2469,0.842169,0.988074,1,1
0.343359,0.790042,0.071808,0.363836,0.178927,1.04778,1,1
1.07099,0.202166,-0.623793,0.527414,1.36284,0.657784,1,0.67
1.09082,0.0970593,-1.93376,-0.103624,1.96605,0.225787,1,0.67
0.647161,0.255352,-1.72453,-0.424025,1.84651,0.424054,1,0.67
0.817232,0.248462,-0.49044,-0.445158,1.43961,0.445159,1,0.67
0.778835,0.18899,-0.0936216,-0.192864,1.15709,0.22038,0,1
0.363203,0.205125,0.228859,-0.224404,0.384475,0.267881,0,1
0.256582,0.167065,-0.599885,-0.235378,0.654893,0.281312,1,0.67
0.758263,0.135984,-0.722252,-0.274404,1.20307,0.305171,1,0.67
1.26283,0.573733,0.437305,-0.211986,2.18251,0.507417,0,1
1.09056,0.675317,1.41611,0.432237,1.78158,0.661251,0,1
0.195818,0.715346,1.01234,0.820793,1.02313,1.00608,0,0.67
0.327014,0.804521,-0.266762,0.899684,0.339695,1.0395,1,1
0.437719,0.784157,-0.516002,0.745705,0.528789,0.98645,1,1
0.578862,0.904153,-0.578508,0.809387,1.17389,1.01958,1,0.67
0.534458,0.859037,0.158468,0.802453,0.881976,1.0064,1,1
0.313765,0.710845,0.108476,0.863353,0.172754,1.0308,1,1
0.794743,0.322399,-1.45474,0.533472,1.53134,0.534376,1,0.67
0.894012,0.329247,-1.55854,0.122348,1.78073,0.209454,1,0.67
0.848879,0.423708,-0.801092,-0.265514,1.74139,0.351954,1,0.67
0.905805,0.338126,0.475756,-0.341554,1.45972,0.453589,0,1
0.837707,0.248845,0.639401,-0.222896,1.16989,0.230245,0,1
0.404578,0.154234,0.323312,-0.295909,0.342448,0.298996,0,1
0.348935,0.13597,-0.241033,-0.24785,0.592103,0.248211,0,1
0.805724,0.17899,0.105699,-0.266276,1.18665,0.271655,0,1
0.940489,0.368916,1.91569,0.245144,2.35274,0.579871,0,1
0.736882,0.378034,1.59825,0.563096,1.59826,0.582438,0,1
0.1438,0.429709,0.829302,0.971019,0.957409,0.971486,1,1
0.267323,0.500045,-0.332701,1.02469,0.333062,1.04129,1,1
0.380031,0.478605,-0.330397,0.987059,0.54002,0.98747,1,1
0.595275,0.576174,0.196161,1.02372,1.15573,1.02455,1,0.67
0.563537,0.552635,0.642177,0.988163,0.885896,0.988263,1,0.67
0.290676,0.451131,0.124119,1.00256,0.130767,1.00684,1,1
0.890328,0.279776,-1.61688,0.314287,1.68815,0.524265,1,0.67
1.20448,0.409906,-0.548028,0.265601,1.77007,0.273365,1,0.67
0.980627,0.543977,0.420488,-0.0182956,1.76988,0.354311,0,1
0.812296,0.462093,1.2224,-0.0843427,1.44245,0.4712,0,1
0.696709,0.333424,1.15658,-0.117812,1.21339,0.246213,0,1
0.296682,0.220004,0.28228,-0.226611,0.310656,0.320607,0,0.67
0.345759,0.203675,0.158977,-0.17955,0.590984,0.246632,0,1
0.748145,0.24396,0.843477,-0.157329,1.19883,0.259737,0,1
0.777391,0.234673,2.52746,0.601775,2.52764,0.692699,0,1
0.822765,0.386773,1.13776,0.482232,1.57912,0.552683,0,1
0.257583,0.528728,0.281074,0.696197,0.932647,0.940199,1,1
0.246181,0.52483,-0.292322,0.673605,0.344456,1.05872,1,1
0.459527,0.432183,-0.022039,0.774032,0.533711,0.989655,1,0.67
0.669267,0.44428,0.930485,0.806433,1.19211,1.05208,0,1
0.50768,0.451267,0.915936,0.76833,0.919581,0.983204,0,0.67
0.239934,0.453127,0.107116,0.701267,0.118441,0.990424,1,1
1.10059,0.124781,-1.10209,-0.0762439,1.64221,0.635631,1,0.67
1.46346,0.338267,0.716503,0.286715,1.86976,0.295671,0,1
0.88679,0.484113,1.47719,0.253048,1.84539,0.39981,0,1
0.5544,0.415907,1.49194,0.249422,1.50265,0.503703,0,1
0.54545,0.263822,1.11638,0.0271469,1.19197,0.269517,0,1
0.273879,0.232819,0.0749597,-0.0616787,0.324829,0.305204,0,1
0.242778,0.247526,0.461418,-0.0308314,0.557824,0.239502,0,0.67
0.53121,0.208267,1.24243,0.0520095,1.24979,0.274281,0,1
1.05828,0.436562,2.06344,0.719322,2.49522,0.719435,0,1
1.26772,0.732381,0.140935,0.176345,1.68982,0.595999,1,0.67
0.414312,0.850004,-0.452785,0.0782674,1.02289,0.960842,1,0.67
0.277425,0.825304,-0.124636,0.0104874,0.309962,1.08138,1,1
0.484132,0.732758,0.341831,0.22952,0.514054,1.00918,0,0.67
0.564313,0.799696,1.28473,0.240732,1.2856,1.0339,0,0.67
0.452079,0.82147,0.735343,0.183868,0.881661,0.965597,0,0.67
0.263396,0.739312,-0.0231801,0.0511662,0.130166,1.00817,1,1
1.16065,0.115405,-0.0928761,-0.426206,1.40277,0.704151,0,1
1.3414,0.134969,1.69083,0.204612,1.97154,0.268392,0,1
0.629952,0.274677,1.91152,0.431805,1.91164,0.454663,0,1
0.687662,0.271023,1.01275,0.439837,1.45038,0.482687,0,1
0.709466,0.20455,0.550654,0.149511,1.14557,0.245357,0,1
0.318276,0.243185,-0.181395,0.108811,0.409917,0.250561,1,0.67
0.159989,0.243948,0.619663,0.151959,0.62186,0.253728,0,0.67
0.573197,0.125966,1.09936,0.240133,1.26704,0.31821,0,1
1.30595,0.605239,0.636999,0.485669,2.23496,0.586932,0,1
1.28097,0.796255,-0.977451,-0.251082,1.81683,0.676007,1,0.67
0.261391,0.834321,-0.952858,-0.564632,1.08855,1.02268,1,0.67
0.371144,0.868635,0.124815,-0.637752,0.293461,1.06819,0,0.67
0.475801,0.844038,0.565465,-0.410431,0.572186,0.987494,0,0.67
0.543393,0.974496,0.999507,-0.461012,1.22563,1.00155,0,0.67
0.528898,0.957685,0.197567,-0.490885,0.852884,0.991198,0,0.67
0.333278,0.796182,-0.111357,-0.606511,0.192948,1.05153,0,0.67
0.940623,0.253451,1.01078,-0.559572,1.39878,0.603293,0,1
0.938434,0.195226,1.89961,0.0191689,1.90642,0.196506,0,1
0.740906,0.328804,1.44648,0.400705,1.80798,0.412466,0,1
